780	1382
231	1511
358	1552
741	1700
326	1479
372	1726
714	1714
498	1337
283	1604
597	1486
159	1409
821	1496
555	1423
386	1639
392	1687
720	1560
656	1576
326	1390
249	1644
555	1687
327	1451
831	1634
325	1509
530	1379
496	1429
235	1387
56	1723
256	1710
752	1547
736	1681
640	1540
158	1615
232	1504
675	1620
72	1405
514	1548
721	1406
248	1345
758	1473
695	1541
92	1715
606	1705
768	1326
831	1395
641	1485
804	1372
598	1302
448	1636
438	1413
151	1478
52	1396
69	1352
592	1415
851	1391
231	1323
403	1601
118	1630
551	1574
796	1606
211	1728
786	1476
538	1565
182	1470
693	1625
437	1410
791	1442
568	1513
148	1634
762	1484
650	1446
690	1590
201	1429
197	1410
64	1307
466	1312
437	1663
84	1346
764	1456
453	1573
369	1557
357	1458
108	1419
698	1401
229	1614
705	1489
468	1649
261	1389
178	1583
211	1692
141	1713
499	1490
240	1429
365	1471
639	1455
512	1642
41	1387
54	1550
774	1403
313	1408
528	1336
847	1321
491	1697
380	1628
204	1619
400	1558
667	1556
49	1326
855	1683
630	1676
366	1664
34	1521
74	1622
609	1474
492	1565
216	1384
316	1304
839	1465
233	1382
456	1412
92	1556
383	1720
140	1623
645	1620
210	1340
174	1637
783	1445
1	1383
587	1650
90	1567
290	1413
246	1629
450	1431
100	1505
23	1564
415	1695
750	1643
511	1690
430	1505
772	1602
85	1637
383	1503
463	1338
304	1436
159	1325
459	1601
19	1326
684	1547
646	1600
247	1316
698	1472
389	1425
302	1623
271	1647
805	1484
61	1407
304	1517
290	1469
148	1694
49	1455
625	1604
390	1705
687	1414
496	1523
658	1460
489	1629
211	1416
858	1415
32	1499
668	1445
351	1724
783	1669
856	1576
615	1406
398	1361
230	1663
8	1615
66	1518
327	1482
243	1620
32	1338
168	1578
549	1528
14	1643
357	1725
51	1713
317	1658
517	1356
818	1486
339	1621
253	1340
750	1410
324	1600
414	1697
66	1388
557	1536
233	1704
496	1705
598	1711
312	1627
606	1409
568	1434
772	1582
789	1522
152	1700
573	1448
146	1547
595	1473
503	1527
475	1705
487	1381
145	1462
618	1554
856	1378
42	1344
855	1326
590	1544
621	1430
194	1365
598	1331
23	1684
221	1598
290	1433
752	1700
295	1420
490	1346
336	1484
442	1427
120	1556
692	1624
543	1499
442	1662
691	1469
635	1636
16	1498
534	1571
748	1513
684	1307
208	1303
305	1665
687	1336
305	1390
248	1343
859	1471
662	1581
293	1487
325	1443
351	1432
386	1326
384	1726
95	1338
138	1592
24	1333
361	1706
635	1394
678	1613
274	1629
776	1588
269	1502
275	1321
508	1387
128	1559
615	1651
172	1692
271	1562
74	1392
24	1518
778	1426
552	1332
374	1314
194	1607
163	1709
302	1567
96	1452
246	1694
568	1672
257	1704
508	1608
140	1492
640	1706
188	1614
513	1680
116	1371
321	1407
690	1407
127	1394
421	1323
23	1420
617	1320
479	1695
129	1356
613	1521
733	1649
185	1510
0	1556
99	1371
374	1586
116	1383
481	1665
207	1321
395	1336
530	1587
65	1350
516	1617
34	1481
808	1320
858	1373
297	1440
658	1446
352	1316
7	1502
855	1709
666	1375
847	1645
420	1497
419	1463
209	1354
467	1398
663	1677
370	1448
727	1325
659	1706
308	1710
857	1671
234	1496
203	1435
778	1648
708	1367
231	1401
609	1310
363	1634
742	1573
209	1494
364	1368
554	1392
377	1389
837	1499
109	1453
338	1720
607	1593
281	1347
325	1568
793	1513
110	1616
281	1489
549	1475
498	1717
486	1486
464	1330
139	1509
19	1360
359	1618
9	1309
308	1477
33	1388
397	1589
305	1561
467	1337
514	1709
469	1413
265	1632
349	1298
112	1333
394	1385
111	1550
766	1729
569	1554
300	1476
605	1347
597	1725
429	1676
524	1362
200	1470
697	1517
683	1471
230	1485
104	1557
133	1728
794	1484
374	1400
758	1540
18	1547
237	1491
185	1671
668	1379
213	1465
153	1328
259	1690
463	1538
68	1415
120	1362
62	1439
240	1511
324	1684
632	1659
76	1560
566	1640
174	1462
234	1401
394	1519
102	1665
259	1667
572	1681
662	1522
236	1301
707	1594
149	1668
125	1557
111	1571
287	1319
771	1431
61	1514
840	1578
341	1434
243	1694
773	1335
836	1677
384	1346
14	1700
578	1359
222	1557
528	1478
513	1550
290	1724
230	1624
256	1339
678	1341
724	1384
663	1317
178	1485
723	1627
6	1728
784	1412
300	1399
412	1432
516	1678
215	1316
3	1537
72	1318
357	1433
134	1546
103	1630
106	1427
713	1586
531	1415
329	1373
342	1462
56	1656
231	1317
371	1617
487	1584
171	1369
384	1586
784	1721
675	1708
638	1568
42	1336
301	1657
726	1530
21	1376
368	1707
97	1669
152	1672
518	1443
318	1368
495	1667
654	1594
273	1548
252	1614
438	1523
776	1593
359	1409
438	1647
439	1475
783	1676
38	1305
203	1390
534	1446
270	1299
405	1627
11	1704
125	1726
126	1606
204	1308
369	1697
740	1659
235	1606
158	1402
413	1705
246	1441
133	1470
680	1647
725	1709
666	1718
449	1443
279	1719
630	1539
186	1617
401	1579
805	1425
314	1521
233	1641
74	1339
388	1617
153	1353
38	1688
247	1620
80	1520
837	1452
844	1635
832	1310
587	1667
229	1419
56	1300
541	1676
588	1615
707	1512
289	1489
214	1583
690	1610
182	1424
122	1347
539	1619
396	1658
639	1669
778	1385
81	1404
608	1339
629	1616
697	1457
175	1729
644	1537
230	1446
253	1448
577	1629
487	1658
717	1516
183	1400
57	1713
724	1685
523	1621
666	1711
741	1574
719	1542
746	1687
580	1358
839	1350
422	1378
564	1352
200	1587
124	1521
757	1701
646	1401
218	1657
576	1511
730	1479
531	1688
704	1655
693	1710
157	1409
834	1672
605	1336
33	1694
507	1405
563	1379
659	1373
683	1346
345	1385
189	1630
766	1370
543	1418
766	1396
75	1355
595	1496
357	1342
731	1688
166	1350
562	1487
681	1313
370	1475
125	1492
314	1512
15	1307
686	1352
77	1303
44	1581
400	1723
757	1476
595	1532
380	1497
328	1610
92	1632
744	1601
371	1452
81	1343
386	1534
245	1707
55	1578
669	1491
150	1353
302	1697
109	1354
334	1376
204	1343
539	1369
17	1501
65	1444
592	1423
169	1464
328	1560
422	1608
451	1556
517	1684
386	1495
637	1328
692	1566
317	1581
761	1618
354	1351
91	1411
387	1696
541	1500
379	1714
465	1614
494	1466
541	1689
845	1720
235	1464
680	1354
622	1483
573	1439
157	1508
32	1340
182	1723
582	1515
382	1369
220	1706
562	1545
266	1375
503	1662
752	1360
792	1567
61	1609
246	1406
480	1636
107	1529
568	1626
69	1520
740	1676
634	1570
508	1304
145	1535
26	1518
10	1691
84	1582
687	1340
502	1700
154	1729
708	1500
554	1470
625	1584
140	1443
78	1455
406	1711
669	1651
735	1639
65	1370
407	1478
703	1496
40	1356
575	1625
8	1457
304	1381
489	1714
713	1452
104	1704
41	1502
362	1327
223	1521
202	1658
203	1398
468	1380
689	1409
297	1448
175	1392
554	1627
190	1634
500	1681
685	1705
491	1533
785	1306
580	1373
202	1538
300	1461
321	1659
91	1491
611	1607
464	1670
509	1712
829	1517
271	1654
602	1621
227	1680
388	1360
583	1425
394	1442
38	1682
44	1416
618	1581
455	1629
464	1405
833	1458
22	1558
393	1541
664	1478
241	1363
219	1369
590	1445
104	1624
66	1577
773	1692
519	1728
668	1579
223	1509
1	1393
575	1473
816	1525
85	1451
7	1573
353	1497
317	1400
399	1322
499	1411
618	1560
587	1360
6	1681
784	1581
375	1490
327	1516
143	1671
171	1521
567	1386
376	1527
836	1533
302	1400
497	1315
766	1709
290	1604
753	1639
858	1552
137	1407
811	1348
634	1592
23	1302
683	1380
831	1488
853	1500
815	1642
249	1591
64	1353
538	1614
518	1576
246	1493
858	1565
512	1528
795	1510
374	1420
216	1703
673	1312
654	1577
522	1395
447	1680
745	1620
128	1342
557	1665
786	1359
687	1472
151	1455
296	1680
680	1504
810	1420
227	1390
580	1706
77	1352
228	1709
54	1422
48	1427
277	1707
598	1406
776	1405
18	1569
315	1672
54	1453
223	1443
425	1410
765	1322
299	1493
420	1685
270	1470
89	1443
280	1441
424	1476
729	1559
401	1529
198	1674
742	1458
345	1395
594	1518
686	1639
2	1680
759	1596
472	1306
343	1676
659	1675
795	1462
751	1522
810	1449
829	1671
659	1625
454	1501
457	1544
620	1477
313	1656
714	1386
430	1596
239	1512
399	1449
370	1374
609	1546
435	1704
795	1668
517	1558
850	1549
384	1544
183	1592
509	1672
137	1484
50	1615
762	1510
525	1587
559	1620
858	1700
450	1646
632	1486
390	1657
510	1710
745	1314
260	1411
506	1406
541	1417
121	1320
463	1622
666	1726
40	1613
841	1425
620	1698
327	1452
286	1565
172	1648
203	1549
732	1719
282	1442
136	1334
47	1699
838	1662
504	1411
304	1316
189	1566
73	1681
764	1370
833	1391
564	1651
196	1348
279	1691
708	1538
190	1573
101	1530
582	1698
272	1491
280	1305
33	1354
644	1696
322	1684
684	1637
215	1725
664	1314
261	1468
78	1692
613	1314
10	1450
603	1359
720	1708
117	1471
375	1612
798	1660
107	1339
327	1379
664	1502
505	1298
455	1694
764	1604
609	1357
800	1643
230	1492
418	1634
604	1690
261	1701
150	1328
332	1675
125	1474
740	1641
697	1499
427	1546
159	1661
41	1403
487	1406
122	1511
362	1389
33	1540
530	1351
21	1299
164	1387
755	1366
590	1503
505	1549
237	1378
219	1364
10	1318
334	1679
75	1548
821	1400
741	1611
836	1414
30	1519
85	1518
99	1573
192	1721
388	1542
117	1302
727	1652
140	1677
646	1325
13	1363
741	1659
287	1668
740	1305
425	1528
660	1689
650	1600
774	1356
650	1669
837	1302
654	1670
646	1645
244	1717
736	1450
283	1467
445	1405
135	1558
243	1578
814	1458
698	1580
195	1636
852	1595
517	1611
848	1644
843	1515
359	1540
499	1395
462	1717
619	1332
141	1698
303	1460
134	1594
680	1484
340	1507
634	1634
59	1406
502	1592
684	1337
645	1329
587	1658
207	1467
284	1486
636	1547
510	1353
647	1487
82	1414
263	1504
406	1364
546	1400
799	1625
497	1564
40	1413
353	1544
59	1373
103	1412
699	1700
38	1711
228	1615
379	1377
516	1395
515	1488
71	1433
767	1690
740	1347
166	1685
240	1343
645	1633
603	1384
686	1569
820	1363
828	1728
157	1467
61	1406
1	1566
791	1441
351	1533
517	1585
827	1383
179	1500
711	1465
435	1581
676	1713
307	1458
255	1728
450	1634
663	1335
447	1630
780	1537
537	1691
502	1363
846	1585
392	1490
736	1579
35	1508
331	1517
347	1494
606	1349
208	1331
676	1406
722	1642
198	1663
103	1377
651	1605
595	1602
731	1452
554	1366
830	1705
367	1491
164	1514
117	1495
160	1495
454	1590
356	1316
332	1326
191	1617
620	1721
698	1510
114	1679
153	1618
149	1328
828	1312
673	1512
283	1313
477	1506
723	1728
568	1636
460	1298
746	1663
466	1467
664	1326
572	1536
364	1369
454	1341
485	1606
94	1590
788	1359
112	1465
439	1443
571	1505
709	1554
747	1685
655	1587
701	1356
310	1636
176	1664
685	1502
201	1453
49	1435
104	1560
845	1674
163	1431
711	1488
590	1680
177	1618
857	1352
404	1524
593	1589
760	1466
724	1559
430	1686
446	1398
505	1318
163	1626
149	1548
465	1423
113	1485
632	1316
332	1353
555	1684
557	1512
402	1397
516	1424
563	1378
460	1473
618	1320
70	1458
258	1353
97	1516
746	1414
494	1501
702	1493
794	1637
395	1587
560	1423
118	1551
297	1459
577	1425
745	1477
671	1386
406	1700
292	1400
746	1633
816	1472
181	1411
677	1385
478	1497
450	1478
145	1713
657	1629
848	1628
301	1430
217	1392
704	1440
618	1495
793	1682
266	1443
705	1682
455	1573
653	1539
720	1488
709	1390
241	1378
67	1533
702	1438
486	1357
767	1348
24	1371
769	1662
788	1477
758	1524
331	1403
820	1690
195	1446
807	1724
826	1592
466	1545
647	1348
63	1621
626	1627
311	1569
111	1392
32	1670
615	1329
171	1368
556	1441
618	1512
22	1634
467	1315
664	1508
157	1654
524	1515
21	1551
482	1717
857	1389
524	1575
22	1595
516	1358
591	1317
752	1415
483	1641
423	1717
726	1430
584	1410
187	1659
767	1467
171	1376
835	1658
591	1509
12	1544
609	1500
511	1366
106	1700
163	1637
717	1598
160	1598
838	1409
495	1411
97	1712
97	1716
467	1486
581	1541
122	1379
161	1724
750	1401
75	1524
829	1657
604	1304
53	1610
385	1602
829	1677
373	1638
197	1413
571	1400
360	1530
480	1669
844	1686
703	1534
687	1656
306	1630
724	1424
738	1400
153	1508
773	1373
224	1567
461	1383
430	1397
640	1659
276	1480
538	1459
538	1321
139	1554
547	1376
225	1468
732	1724
789	1606
177	1522
18	1676
464	1406
392	1470
232	1394
297	1594
802	1645
152	1402
845	1541
171	1643
855	1721
326	1469
405	1560
160	1669
18	1381
104	1623
712	1602
5	1318
549	1652
772	1620
678	1643
622	1591
802	1565
151	1361
852	1305
664	1349
792	1612
612	1376
358	1653
418	1580
489	1478
487	1523
614	1412
435	1615
227	1702
501	1344
743	1621
856	1529
129	1472
481	1626
347	1370
429	1358
823	1649
450	1620
311	1615
395	1597
638	1558
31	1679
854	1301
843	1456
673	1500
124	1509
69	1522
442	1715
195	1345
213	1403
24	1411
646	1339
755	1494
102	1655
73	1513
196	1609
678	1570
110	1661
841	1497
755	1570
376	1594
739	1424
85	1490
269	1298
473	1335
419	1332
435	1604
324	1513
125	1648
573	1543
153	1364
719	1583
683	1661
495	1590
21	1497
407	1662
4	1468
195	1651
716	1409
422	1374
254	1496
323	1516
679	1480
582	1500
446	1476
633	1409
361	1565
328	1371
701	1667
587	1461
270	1314
112	1402
681	1453
753	1573
419	1639
346	1659
776	1445
761	1509
571	1332
696	1628
856	1323
194	1402
31	1388
445	1686
58	1691
533	1541
364	1374
143	1536
563	1700
483	1569
56	1333
635	1402
536	1591
366	1632
229	1376
438	1340
834	1314
10	1446
5	1588
793	1309
3	1475
823	1691
756	1316
347	1502
157	1404
750	1385
708	1378
731	1547
352	1608
217	1301
146	1362
225	1343
540	1385
819	1369
333	1497
279	1483
79	1616
326	1626
400	1538
332	1500
855	1604
541	1325
362	1306
829	1585
678	1667
150	1476
0	1366
583	1572
760	1408
323	1363
734	1637
639	1372
595	1631
760	1331
514	1676
382	1717
628	1458
485	1552
835	1571
718	1410
311	1454
24	1372
56	1565
258	1451
806	1716
461	1619
0	1618
809	1301
845	1481
18	1682
397	1522
672	1535
58	1672
628	1330
611	1575
780	1551
266	1342
719	1378
709	1354
321	1500
297	1679
826	1706
768	1485
746	1664
599	1434
551	1528
104	1543
667	1420
568	1464
143	1372
249	1404
95	1579
759	1595
576	1505
653	1617
768	1716
785	1333
538	1543
483	1656
588	1699
474	1679
377	1521
645	1321
390	1694
213	1717
255	1577
616	1623
613	1439
763	1643
668	1623
848	1350
18	1716
577	1315
310	1402
270	1319
235	1630
127	1627
665	1719
347	1474
53	1455
815	1361
472	1620
655	1329
789	1307
120	1596
771	1427
848	1666
795	1521
271	1343
681	1648
182	1566
10	1358
551	1626
616	1454
387	1653
327	1368
111	1424
670	1673
572	1713
716	1505
515	1362
716	1703
302	1429
845	1635
511	1416
380	1371
298	1510
755	1451
353	1434
573	1469
732	1667
12	1492
788	1493
111	1615
605	1402
506	1462
591	1704
138	1477
15	1527
464	1474
148	1687
411	1650
453	1330
825	1630
433	1357
141	1447
100	1323
267	1371
497	1509
477	1496
271	1697
117	1671
835	1512
188	1580
4	1549
708	1495
497	1369
54	1415
794	1651
212	1592
860	1529
244	1472
561	1546
241	1417
734	1388
100	1452
296	1613
197	1317
644	1426
828	1597
618	1369
345	1590
772	1381
679	1518
88	1405
263	1729
272	1569
229	1411
253	1603
181	1349
780	1485
760	1715
580	1679
255	1445
294	1496
763	1707
187	1492
643	1396
818	1495
222	1302
766	1540
800	1379
758	1518
29	1524
834	1699
100	1504
270	1495
469	1576
220	1356
803	1549
226	1641
626	1615
324	1603
836	1643
239	1316
608	1553
489	1578
3	1696
807	1497
743	1512
412	1667
478	1553
272	1406
825	1536
276	1423
246	1558
203	1306
267	1632
265	1495
354	1537
515	1613
833	1514
578	1700
275	1378
486	1502
341	1691
161	1601
258	1636
688	1692
376	1709
828	1401
641	1587
698	1321
177	1444
458	1442
848	1375
73	1723
234	1642
612	1557
528	1566
258	1678
223	1632
716	1480
230	1365
802	1379
138	1600
261	1656
665	1453
343	1647
771	1423
396	1396
419	1694
540	1407
292	1478
350	1457
20	1333
513	1490
791	1400
546	1660
148	1490
629	1363
784	1479
630	1485
812	1572
4	1440
442	1325
572	1428
390	1686
397	1334
433	1323
582	1398
594	1485
294	1426
570	1417
855	1533
364	1386
358	1707
593	1719
730	1514
660	1347
684	1536
494	1330
213	1627
388	1495
141	1550
426	1712
367	1538
444	1410
575	1579
88	1572
123	1404
402	1541
789	1501
290	1412
116	1373
615	1567
111	1578
604	1377
315	1611
804	1422
732	1689
637	1546
632	1298
573	1562
798	1670
145	1404
764	1399
817	1481
179	1706
454	1457
331	1561
403	1596
82	1560
416	1490
702	1549
18	1456
77	1657
796	1331
449	1676
654	1364
534	1497
457	1313
459	1333
686	1382
88	1728
182	1653
629	1692
130	1400
679	1421
30	1676
153	1607
177	1458
655	1541
122	1543
805	1724
845	1438
712	1608
721	1527
471	1449
522	1523
792	1408
441	1699
488	1376
828	1433
191	1558
848	1548
161	1402
366	1484
745	1566
607	1511
43	1541
354	1668
363	1408
391	1638
746	1501
168	1524
711	1320
526	1605
258	1604
573	1708
606	1537
262	1429
217	1319
508	1555
495	1522
820	1510
233	1298
718	1440
690	1314
467	1672
35	1537
454	1476
467	1677
472	1490
62	1311
235	1623
795	1403
248	1630
735	1340
686	1658
213	1619
514	1699
101	1433
715	1476
262	1427
776	1574
18	1595
249	1514
386	1692
401	1615
815	1492
501	1531
788	1514
240	1364
243	1705
397	1403
543	1576
38	1554
228	1407
631	1723
849	1312
548	1601
261	1417
463	1313
76	1428
450	1636
49	1365
113	1684
174	1557
475	1545
525	1653
403	1345
364	1577
367	1460
205	1436
373	1360
769	1581
357	1322
575	1710
236	1540
626	1566
629	1308
385	1441
120	1402
634	1605
817	1455
477	1523
152	1346
341	1654
581	1588
703	1546
357	1331
539	1367
564	1460
527	1313
345	1625
357	1592
403	1690
590	1336
363	1683
192	1411
653	1494
625	1437
99	1614
604	1481
152	1496
499	1442
562	1620
155	1429
273	1370
572	1381
53	1724
72	1727
743	1511
495	1393
328	1523
469	1616
139	1590
15	1591
523	1462
370	1618
513	1375
150	1478
221	1523
333	1380
465	1363
182	1619
593	1475
489	1406
114	1409
588	1586
312	1596
60	1717
403	1526
408	1606
725	1405
105	1493
45	1654
444	1700
247	1350
131	1446
137	1377
379	1589
168	1697
422	1705
455	1488
93	1313
278	1303
392	1541
322	1479
662	1519
260	1560
486	1474
687	1325
311	1403
499	1612
756	1633
591	1574
809	1366
853	1585
528	1385
371	1559
573	1468
28	1609
592	1661
674	1332
454	1477
856	1553
815	1635
602	1348
34	1650
219	1418
585	1561
133	1578
282	1522
640	1696
652	1710
567	1362
699	1474
847	1386
308	1656
252	1459
378	1537
784	1548
340	1389
282	1576
500	1439
77	1316
19	1307
270	1564
288	1378
721	1570
362	1681
818	1576
91	1365
585	1368
821	1634
834	1332
175	1513
607	1636
610	1631
769	1349
455	1323
705	1465
547	1605
236	1495
820	1504
189	1429
243	1585
361	1701
317	1666
765	1537
494	1493
804	1614
666	1432
441	1668
711	1494
446	1464
251	1542
446	1685
358	1531
265	1712
607	1661
563	1325
856	1483
61	1556
124	1516
209	1425
754	1676
493	1519
195	1386
350	1567
300	1686
74	1702
400	1555
629	1691
512	1380
793	1505
452	1339
564	1519
652	1606
430	1584
653	1490
82	1653
194	1417
590	1376
463	1588
713	1537
586	1569
608	1406
552	1477
270	1660
282	1627
446	1616
649	1323
344	1514
1	1484
509	1525
694	1520
597	1454
395	1546
440	1553
682	1649
565	1511
76	1707
620	1447
189	1507
773	1627
376	1637
652	1420
27	1605
377	1514
810	1482
798	1645
168	1336
198	1629
370	1437
255	1721
291	1490
243	1326
410	1530
516	1665
34	1370
213	1699
179	1575
634	1465
99	1432
67	1711
585	1456
708	1381
472	1487
36	1547
116	1627
460	1620
386	1641
346	1544
53	1594
626	1597
754	1373
620	1680
5	1514
146	1529
368	1455
701	1553
20	1631
472	1362
410	1571
194	1616
839	1693
83	1695
332	1709
485	1708
806	1503
229	1560
695	1345
791	1717
283	1360
668	1318
700	1324
565	1556
772	1474
251	1608
64	1338
309	1320
408	1614
777	1474
68	1304
708	1357
857	1574
464	1655
781	1580
386	1415
276	1338
98	1457
180	1578
122	1477
313	1584
107	1629
501	1691
701	1379
802	1488
812	1523
335	1613
78	1510
779	1546
679	1391
439	1395
21	1439
95	1387
717	1668
427	1588
247	1626
845	1340
743	1559
7	1321
521	1514
813	1689
19	1646
204	1686
778	1486
33	1728
753	1678
542	1420
118	1468
396	1498
350	1625
806	1560
5	1634
274	1632
109	1445
449	1675
341	1384
273	1372
260	1355
839	1368
468	1365
596	1613
66	1557
640	1365
499	1576
332	1533
350	1339
209	1526
339	1725
156	1506
48	1323
684	1314
604	1465
641	1434
71	1691
505	1476
214	1648
788	1425
693	1414
456	1316
564	1364
318	1557
132	1569
583	1577
372	1528
339	1430
353	1442
600	1413
663	1418
200	1550
378	1625
80	1628
614	1720
593	1410
584	1463
414	1467
362	1414
737	1605
619	1406
2	1657
712	1408
591	1436
160	1333
525	1387
827	1718
303	1466
210	1552
593	1566
485	1342
477	1487
217	1593
127	1572
450	1364
715	1570
723	1716
138	1306
41	1396
457	1644
779	1379
714	1368
75	1460
343	1438
342	1451
598	1653
476	1381
818	1309
831	1663
626	1445
729	1331
662	1590
626	1489
257	1381
235	1706
282	1659
560	1562
4	1644
559	1442
243	1690
317	1335
335	1597
3	1394
773	1636
344	1374
670	1651
284	1425
411	1352
429	1480
781	1657
380	1724
196	1662
108	1533
592	1698
814	1431
147	1556
494	1583
534	1660
263	1411
295	1388
356	1655
651	1466
91	1520
742	1388
278	1676
84	1555
661	1371
654	1383
98	1421
551	1359
416	1393
14	1684
833	1688
355	1528
107	1707
167	1542
198	1724
154	1537
629	1415
756	1664
814	1398
109	1613
301	1705
557	1695
59	1383
831	1601
444	1538
209	1630
124	1585
490	1498
616	1613
503	1416
418	1378
650	1633
828	1380
684	1449
512	1602
98	1605
740	1689
840	1657
556	1478
766	1715
184	1728
569	1332
825	1387
92	1620
448	1445
771	1637
682	1371
121	1664
499	1722
286	1366
404	1645
199	1541
268	1342
221	1575
508	1571
432	1461
367	1587
172	1561
554	1432
181	1402
817	1727
177	1398
200	1592
457	1421
783	1420
595	1525
270	1347
558	1583
771	1430
747	1367
668	1568
784	1600
374	1495
793	1689
514	1599
666	1632
85	1436
325	1400
619	1507
777	1573
1	1649
54	1683
628	1407
530	1697
491	1388
255	1314
233	1666
141	1422
415	1697
735	1330
594	1552
726	1644
770	1704
358	1680
497	1701
83	1700
456	1686
431	1725
342	1427
485	1443
854	1572
417	1521
409	1669
566	1634
138	1637
443	1683
635	1440
601	1665
48	1354
14	1551
562	1421
713	1346
733	1661
14	1448
561	1370
209	1464
419	1447
546	1376
46	1572
487	1386
251	1374
510	1540
309	1539
818	1423
716	1667
325	1553
165	1424
152	1416
512	1724
144	1725
753	1525
614	1538
586	1573
266	1645
247	1299
331	1349
521	1467
73	1577
640	1642
484	1586
244	1578
112	1476
233	1600
583	1446
601	1451
210	1318
1	1326
426	1482
4	1700
190	1639
168	1375
50	1487
28	1486
503	1704
672	1355
250	1415
702	1311
23	1636
859	1494
707	1471
614	1647
64	1559
664	1438
340	1619
60	1649
711	1373
451	1701
33	1489
16	1467
326	1432
574	1567
546	1609
719	1424
844	1643
836	1679
478	1587
609	1707
233	1664
389	1584
605	1358
278	1592
308	1342
207	1300
289	1534
333	1610
200	1522
48	1686
53	1636
853	1449
690	1621
0	1430
331	1728
279	1702
652	1482
300	1595
784	1312
27	1417
193	1491
678	1543
93	1700
91	1559
257	1436
774	1728
223	1494
855	1311
815	1308
584	1401
845	1623
409	1307
574	1335
602	1543
538	1569
635	1692
61	1415
498	1597
605	1689
516	1602
76	1320
445	1566
826	1430
748	1501
230	1715
720	1623
492	1581
851	1309
562	1728
266	1661
832	1512
657	1644
217	1366
531	1341
502	1567
214	1637
578	1662
652	1551
196	1508
626	1583
120	1380
418	1386
848	1674
120	1354
507	1613
382	1585
379	1648
560	1690
445	1404
383	1526
362	1632
675	1414
716	1524
450	1622
540	1658
496	1571
203	1649
521	1553
364	1442
631	1346
514	1381
429	1457
346	1665
810	1707
447	1697
778	1713
487	1340
491	1594
774	1393
558	1567
498	1683
648	1727
285	1315
332	1435
17	1729
842	1534
718	1346
156	1514
455	1364
469	1706
556	1537
346	1416
259	1537
274	1415
574	1519
24	1622
383	1355
448	1491
608	1428
514	1710
526	1604
830	1659
578	1673
690	1654
118	1716
424	1498
31	1670
45	1426
229	1308
813	1655
530	1705
860	1662
218	1571
186	1492
33	1415
816	1439
664	1479
600	1478
599	1650
839	1554
22	1728
574	1711
522	1653
377	1645
116	1367
829	1630
302	1724
137	1392
471	1453
80	1403
608	1333
169	1547
306	1603
161	1576
200	1625
745	1414
805	1389
210	1647
859	1387
405	1694
476	1322
12	1563
338	1522
232	1608
80	1549
74	1528
154	1691
202	1379
377	1705
465	1489
186	1532
788	1427
472	1573
31	1641
218	1546
720	1466
75	1523
612	1601
695	1560
685	1375
206	1592
808	1390
123	1552
783	1411
754	1590
439	1374
470	1499
795	1653
41	1448
663	1646
781	1661
468	1638
599	1534
731	1434
141	1318
542	1437
70	1595
709	1587
196	1394
38	1654
802	1440
107	1603
154	1410
802	1703
120	1649
90	1435
138	1642
423	1583
698	1394
761	1417
658	1579
579	1460
821	1728
563	1694
672	1497
831	1504
326	1422
87	1717
621	1597
543	1716
233	1358
333	1524
175	1523
848	1520
853	1417
102	1667
768	1563
700	1603
832	1682
832	1694
738	1674
203	1623
480	1580
538	1541
370	1702
24	1532
568	1398
351	1447
402	1454
403	1407
431	1605
489	1379
564	1357
563	1397
801	1529
66	1545
643	1687
192	1675
370	1322
315	1700
348	1529
441	1650
48	1481
214	1380
333	1320
828	1338
177	1566
412	1504
569	1460
314	1653
213	1385
637	1370
22	1436
211	1568
252	1616
678	1559
404	1445
777	1406
834	1470
481	1699
151	1408
371	1543
288	1346
205	1395
365	1384
148	1375
326	1343
440	1353
663	1408
157	1628
206	1521
394	1360
477	1552
259	1507
131	1502
42	1559
187	1427
52	1505
155	1560
128	1671
67	1375
235	1513
346	1414
468	1691
559	1553
827	1309
653	1383
649	1611
630	1467
545	1653
678	1422
46	1563
805	1395
621	1563
445	1435
505	1396
242	1559
374	1697
776	1383
165	1608
675	1583
146	1467
183	1583
381	1591
396	1464
4	1514
335	1690
262	1456
791	1431
236	1399
745	1636
815	1519
692	1701
805	1497
677	1660
213	1322
760	1538
348	1576
705	1336
630	1487
685	1619
414	1661
833	1521
593	1391
150	1459
701	1428
510	1705
736	1362
210	1432
776	1570
685	1517
16	1622
98	1499
768	1345
682	1491
233	1472
677	1530
118	1573
161	1385
10	1606
837	1560
284	1632
384	1365
84	1319
360	1561
493	1424
35	1511
225	1569
327	1329
126	1551
1	1588
371	1326
58	1630
749	1452
738	1349
553	1457
112	1626
107	1494
432	1518
638	1332
198	1559
579	1576
113	1548
84	1352
399	1483
355	1362
271	1488
594	1328
758	1471
259	1677
842	1591
464	1300
370	1364
88	1384
690	1664
596	1582
135	1506
556	1598
415	1456
746	1453
783	1386
759	1684
354	1583
712	1376
740	1690
788	1431
855	1505
579	1333
100	1345
840	1462
66	1684
495	1501
72	1548
203	1594
125	1448
207	1468
279	1528
609	1464
214	1471
645	1298
827	1716
561	1674
355	1350
636	1617
709	1664
322	1470
271	1345
617	1350
213	1518
860	1373
719	1463
650	1675
387	1545
1	1384
548	1445
116	1328
681	1653
35	1427
328	1662
178	1437
262	1446
187	1570
212	1669
846	1532
114	1372
25	1424
0	1342
569	1304
271	1613
669	1416
424	1416
497	1659
748	1393
695	1614
376	1409
293	1562
587	1387
532	1616
328	1422
819	1535
54	1343
387	1676
389	1604
648	1703
266	1587
507	1545
831	1365
613	1560
434	1728
164	1566
753	1589
838	1346
451	1718
207	1390
103	1514
71	1513
431	1400
834	1547
88	1415
206	1597
297	1498
121	1305
292	1624
471	1727
99	1511
469	1412
729	1374
668	1405
542	1686
66	1596
473	1409
16	1577
29	1469
845	1382
60	1554
297	1486
641	1330
138	1540
134	1580
177	1633
314	1546
142	1375
630	1433
477	1388
608	1445
7	1453
620	1615
669	1380
401	1723
529	1382
219	1510
597	1458
320	1363
346	1712
714	1585
297	1299
258	1380
633	1509
79	1521
183	1423
606	1699
851	1726
261	1506
620	1674
24	1329
602	1585
94	1543
629	1516
401	1364
594	1657
58	1307
336	1661
316	1426
522	1581
101	1603
463	1489
269	1487
66	1408
499	1379
820	1399
812	1325
8	1359
141	1358
218	1519
594	1495
797	1662
215	1376
560	1496
507	1400
573	1409
38	1429
423	1617
344	1683
501	1448
682	1408
477	1475
106	1614
32	1556
268	1312
402	1485
737	1587
477	1407
168	1636
97	1355
532	1356
654	1480
2	1455
847	1609
503	1613
9	1478
700	1406
464	1422
857	1401
794	1610
366	1501
65	1627
827	1540
825	1585
486	1497
834	1463
110	1533
320	1395
809	1445
748	1548
605	1643
649	1579
136	1523
108	1314
23	1498
656	1555
321	1460
448	1728
698	1475
842	1588
674	1584
657	1486
645	1336
306	1456
31	1433
533	1328
280	1691
580	1490
382	1587
358	1301
22	1512
728	1367
809	1429
496	1564
752	1491
124	1362
79	1406
341	1595
172	1525
295	1704
333	1518
760	1666
834	1636
254	1638
482	1358
711	1513
422	1445
805	1385
419	1618
404	1380
777	1605
484	1691
649	1644
532	1577
41	1434
623	1534
853	1582
165	1667
391	1425
12	1580
852	1426
598	1523
473	1647
287	1521
89	1379
824	1437
336	1414
358	1503
818	1390
474	1382
31	1669
300	1356
525	1567
326	1324
104	1463
16	1337
53	1486
643	1631
693	1490
310	1503
319	1587
232	1626
838	1353
241	1530
105	1469
354	1496
439	1723
533	1517
417	1546
350	1473
689	1670
790	1718
412	1332
25	1442
745	1339
659	1644
30	1465
270	1612
574	1601
25	1622
130	1510
318	1467
742	1496
183	1600
479	1689
193	1403
553	1475
326	1583
57	1706
538	1463
672	1317
546	1669
225	1700
385	1630
851	1414
561	1500
755	1700
356	1413
298	1508
458	1598
501	1630
314	1389
303	1392
507	1359
649	1332
80	1683
501	1436
126	1625
318	1604
195	1615
308	1663
431	1587
513	1619
705	1656
561	1726
104	1647
289	1679
564	1642
405	1355
263	1388
123	1652
407	1452
839	1336
666	1514
521	1611
672	1438
376	1452
766	1436
388	1691
20	1302
420	1442
368	1525
728	1518
739	1595
221	1342
637	1597
309	1643
662	1436
583	1578
630	1551
202	1617
372	1704
832	1581
748	1687
719	1562
235	1432
488	1315
658	1722
109	1681
738	1505
381	1586
414	1604
833	1573
215	1345
629	1441
373	1332
213	1517
121	1612
128	1305
843	1499
171	1492
111	1603
647	1720
312	1306
333	1644
815	1541
635	1591
513	1555
168	1517
397	1439
215	1520
32	1657
94	1624
766	1362
810	1453
415	1591
729	1648
331	1543
50	1425
197	1518
530	1589
365	1360
539	1606
29	1590
64	1508
207	1555
116	1506
196	1432
18	1364
287	1394
649	1598
785	1344
834	1483
782	1350
300	1634
824	1634
237	1360
734	1531
106	1489
824	1546
756	1575
519	1367
551	1620
435	1675
528	1584
785	1427
1	1462
691	1387
454	1588
327	1367
204	1463
849	1438
205	1323
223	1534
399	1647
599	1687
323	1676
507	1652
566	1401
14	1460
106	1552
554	1584
527	1728
836	1649
325	1343
238	1636
144	1705
245	1711
347	1458
632	1330
270	1313
56	1480
46	1351
333	1707
683	1439
498	1368
809	1336
368	1479
567	1360
472	1610
620	1712
190	1519
610	1479
71	1545
425	1638
365	1555
795	1617
411	1456
401	1299
415	1638
683	1305
93	1681
85	1304
444	1440
453	1331
531	1680
613	1342
692	1353
603	1395
504	1520
845	1682
22	1568
166	1478
617	1639
510	1622
55	1700
520	1302
738	1639
208	1594
268	1457
403	1362
435	1586
231	1400
412	1517
688	1688
152	1599
847	1689
779	1479
752	1487
488	1356
539	1328
657	1345
692	1692
318	1443
427	1515
91	1711
109	1678
531	1658
28	1422
659	1627
347	1653
586	1680
104	1430
687	1586
43	1509
513	1686
87	1726
612	1583
70	1632
816	1434
487	1593
636	1555
708	1712
521	1359
222	1710
276	1576
127	1478
731	1387
601	1432
544	1300
515	1658
674	1667
171	1697
169	1360
497	1644
1	1397
240	1604
812	1611
755	1490
766	1673
171	1452
36	1394
241	1623
570	1672
524	1658
856	1431
519	1379
137	1540
245	1377
606	1707
129	1423
667	1669
578	1459
280	1661
100	1707
228	1644
278	1306
690	1615
818	1462
231	1652
377	1463
42	1473
658	1319
53	1526
94	1492
516	1642
508	1644
789	1697
400	1579
232	1360
215	1700
609	1693
178	1449
823	1344
402	1424
852	1406
462	1475
81	1609
711	1665
248	1387
465	1688
524	1414
655	1334
529	1409
397	1360
589	1317
36	1470
197	1565
571	1509
346	1314
43	1566
793	1430
108	1631
440	1623
815	1626
168	1598
308	1678
772	1368
736	1525
453	1545
207	1434
568	1477
525	1588
815	1408
110	1314
616	1714
29	1403
503	1506
836	1403
73	1551
825	1701
189	1440
239	1710
729	1674
200	1727
50	1712
148	1601
22	1622
373	1561
604	1416
607	1486
365	1491
61	1677
759	1673
614	1404
795	1348
554	1544
170	1521
651	1300
598	1495
70	1468
770	1483
759	1636
654	1680
804	1715
418	1607
189	1398
634	1600
758	1410
836	1573
296	1352
573	1481
317	1463
603	1430
80	1329
216	1298
322	1570
301	1317
791	1580
855	1623
68	1637
784	1629
441	1678
654	1392
191	1546
177	1363
728	1579
229	1474
452	1451
45	1440
471	1411
112	1628
767	1442
583	1669
428	1367
550	1481
271	1725
561	1700
217	1328
225	1541
691	1657
166	1590
435	1318
391	1563
225	1504
432	1622
601	1455
88	1558
316	1579
433	1405
200	1463
755	1627
801	1664
836	1726
599	1308
60	1587
240	1375
416	1518
194	1666
656	1671
690	1651
405	1463
6	1647
642	1351
612	1437
414	1652
474	1492
543	1335
491	1456
112	1595
616	1675
27	1635
542	1310
720	1524
352	1442
753	1592
573	1499
796	1688
530	1614
842	1574
325	1599
718	1421
53	1363
458	1382
205	1563
430	1566
700	1616
312	1629
800	1509
647	1624
310	1448
483	1426
307	1690
775	1333
159	1514
309	1440
224	1343
540	1550
860	1683
124	1467
484	1544
568	1546
160	1657
143	1570
762	1377
47	1590
800	1592
444	1374
176	1635
471	1460
307	1596
92	1407
857	1614
787	1344
399	1662
3	1491
122	1487
560	1486
126	1326
14	1362
829	1395
129	1416
164	1608
137	1490
262	1391
459	1393
55	1369
62	1463
499	1692
721	1504
139	1665
124	1709
525	1493
249	1455
62	1675
180	1457
562	1627
218	1564
77	1476
570	1364
648	1626
96	1583
839	1409
811	1381
818	1619
782	1358
584	1642
461	1518
516	1447
688	1463
342	1361
530	1460
196	1598
356	1584
305	1607
448	1305
373	1353
619	1584
41	1705
342	1410
688	1564
752	1397
439	1679
366	1602
747	1380
164	1655
90	1484
407	1422
724	1385
511	1539
689	1598
44	1442
711	1684
587	1529
500	1528
423	1694
604	1669
398	1576
495	1374
526	1659
353	1321
373	1492
230	1636
60	1466
395	1451
852	1643
197	1708
769	1617
34	1305
239	1424
605	1461
74	1689
260	1461
263	1309
744	1418
176	1623
860	1448
422	1685
723	1620
460	1419
772	1637
360	1691
30	1378
603	1428
265	1721
846	1380
746	1592
297	1628
160	1513
565	1565
659	1672
239	1490
672	1341
857	1584
149	1654
571	1480
198	1463
65	1528
155	1686
494	1394
82	1505
561	1432
836	1366
764	1410
117	1372
473	1392
274	1517
642	1716
575	1322
131	1518
758	1686
31	1419
405	1712
519	1311
623	1459
100	1584
592	1529
346	1628
315	1444
767	1729
636	1622
480	1327
852	1345
456	1415
615	1415
224	1643
205	1608
169	1656
747	1314
132	1299
292	1411
261	1356
130	1515
377	1688
224	1612
717	1520
211	1711
754	1490
182	1533
181	1595
76	1665
742	1564
145	1379
244	1594
551	1320
392	1545
452	1496
197	1574
231	1427
459	1493
103	1680
565	1448
1	1339
308	1318
441	1309
828	1460
334	1650
338	1473
728	1450
524	1298
570	1644
16	1446
224	1338
406	1535
465	1689
595	1468
7	1506
223	1720
194	1525
95	1678
859	1534
770	1322
735	1303
547	1659
636	1646
322	1686
333	1709
617	1315
174	1610
432	1605
768	1661
750	1646
18	1429
599	1570
621	1606
388	1396
484	1606
337	1562
66	1333
367	1455
351	1419
779	1303
682	1503
660	1413
341	1520
379	1584
387	1469
777	1698
486	1616
729	1350
736	1630
294	1372
138	1548
814	1536
829	1642
438	1608
454	1343
222	1600
539	1381
705	1709
662	1510
549	1461
747	1455
621	1341
657	1695
659	1402
93	1710
495	1505
806	1702
261	1548
16	1412
91	1489
728	1671
761	1660
316	1725
302	1538
136	1601
814	1312
728	1526
642	1504
563	1424
221	1680
396	1573
49	1485
788	1520
735	1537
194	1427
236	1659
241	1329
45	1662
513	1340
702	1437
566	1541
164	1626
385	1657
619	1505
424	1532
796	1546
793	1613
26	1593
712	1577
312	1354
581	1355
95	1415
312	1584
521	1326
33	1703
368	1659
327	1547
185	1601
783	1667
814	1654
338	1500
441	1406
235	1497
48	1303
830	1657
113	1413
565	1595
674	1463
760	1479
557	1691
699	1662
128	1698
418	1675
309	1469
436	1604
716	1719
352	1343
273	1696
305	1511
664	1468
708	1450
178	1311
380	1710
330	1384
673	1346
71	1625
494	1563
445	1559
380	1601
60	1670
316	1535
393	1583
762	1423
425	1306
431	1611
177	1441
11	1449
827	1487
699	1438
139	1582
525	1495
83	1720
600	1710
546	1726
488	1336
569	1641
215	1692
796	1337
144	1624
114	1390
207	1435
189	1624
418	1327
49	1631
836	1468
779	1407
67	1718
517	1443
368	1495
784	1363
786	1573
694	1452
35	1386
433	1392
150	1366
142	1643
577	1336
457	1600
808	1593
811	1423
198	1492
609	1531
514	1362
626	1328
5	1675
431	1480
170	1414
270	1324
712	1626
17	1651
762	1578
189	1524
717	1713
139	1615
851	1728
564	1568
254	1673
518	1644
700	1705
433	1471
235	1299
824	1329
813	1587
656	1548
395	1627
548	1394
493	1430
641	1463
523	1318
199	1542
127	1324
775	1298
272	1465
236	1628
776	1331
579	1432
404	1375
51	1352
834	1656
490	1540
631	1683
480	1568
512	1368
273	1401
613	1622
117	1470
313	1698
526	1610
213	1592
641	1725
541	1546
597	1559
46	1632
619	1367
379	1489
617	1723
269	1392
246	1426
705	1552
816	1650
701	1605
773	1684
578	1386
8	1397
488	1574
149	1707
819	1722
608	1425
159	1595
832	1650
199	1409
198	1442
275	1625
386	1640
241	1440
243	1684
97	1436
655	1300
815	1729
417	1519
731	1317
742	1452
433	1677
35	1362
118	1491
48	1593
844	1324
529	1595
25	1393
379	1616
562	1605
532	1596
587	1471
75	1407
22	1723
156	1370
208	1534
638	1468
405	1569
171	1645
773	1352
197	1436
794	1398
203	1346
788	1516
798	1415
818	1383
111	1470
34	1639
94	1458
285	1645
116	1381
44	1603
642	1307
751	1568
4	1426
580	1416
260	1543
78	1438
164	1444
632	1334
556	1345
539	1548
55	1522
505	1380
456	1335
226	1380
621	1393
719	1402
298	1722
733	1473
833	1552
64	1420
428	1664
663	1644
134	1528
33	1346
113	1522
231	1661
506	1622
144	1688
92	1349
799	1554
799	1719
739	1339
450	1651
12	1510
408	1616
731	1615
145	1335
787	1478
509	1596
562	1304
849	1421
721	1424
61	1570
582	1328
120	1411
29	1482
594	1432
564	1705
528	1718
496	1616
225	1435
113	1449
322	1644
178	1499
325	1667
182	1335
103	1507
170	1628
814	1720
427	1597
815	1401
455	1451
307	1527
797	1543
775	1556
725	1447
224	1428
243	1314
18	1430
123	1459
260	1662
300	1455
660	1489
620	1484
660	1691
420	1703
711	1544
733	1523
308	1332
739	1717
359	1301
273	1466
502	1666
819	1720
708	1351
386	1406
513	1618
588	1488
314	1496
513	1300
688	1413
140	1608
704	1729
129	1541
222	1351
325	1530
381	1703
229	1321
382	1589
124	1473
5	1570
808	1373
354	1381
620	1399
483	1342
692	1312
606	1461
199	1362
513	1353
676	1569
328	1701
650	1518
124	1663
137	1659
426	1418
241	1418
823	1682
541	1336
773	1725
537	1647
520	1603
557	1700
817	1491
562	1539
735	1484
679	1462
563	1334
49	1337
540	1660
567	1374
668	1575
287	1527
330	1620
542	1616
459	1700
848	1712
687	1299
101	1437
226	1436
315	1685
518	1705
123	1711
154	1492
263	1629
247	1549
248	1711
662	1344
470	1393
837	1381
256	1454
779	1695
12	1324
109	1549
210	1346
159	1518
574	1697
751	1557
769	1394
570	1356
769	1589
794	1616
805	1328
280	1574
394	1358
859	1432
244	1481
158	1482
700	1532
137	1641
87	1425
422	1343
465	1411
750	1475
715	1406
766	1426
66	1390
56	1413
732	1607
221	1304
706	1433
680	1580
103	1580
149	1389
754	1379
203	1375
123	1525
128	1366
789	1432
500	1701
742	1462
539	1493
704	1314
225	1575
173	1399
144	1663
165	1569
822	1340
207	1598
61	1676
825	1572
698	1692
283	1471
659	1556
742	1311
346	1392
453	1316
812	1341
484	1485
109	1480
484	1450
763	1397
735	1596
170	1558
637	1539
341	1492
71	1417
555	1556
711	1689
54	1649
836	1551
582	1444
147	1690
749	1653
795	1608
117	1626
612	1349
236	1369
392	1440
558	1654
582	1330
549	1358
76	1452
214	1370
51	1356
833	1310
558	1483
255	1575
764	1571
350	1369
636	1337
183	1475
728	1336
506	1602
395	1646
296	1584
782	1554
32	1329
491	1519
295	1490
789	1490
677	1423
442	1614
43	1645
666	1574
510	1311
286	1580
518	1382
594	1306
201	1684
423	1668
371	1418
488	1436
610	1312
580	1630
175	1445
726	1354
116	1366
162	1505
57	1680
593	1624
658	1618
739	1478
581	1308
249	1633
313	1624
839	1539
1	1404
601	1328
304	1702
311	1506
820	1500
436	1326
624	1454
390	1533
820	1373
634	1596
375	1410
296	1635
125	1579
450	1402
106	1352
74	1406
426	1666
257	1679
521	1499
260	1490
178	1405
174	1720
55	1489
827	1636
750	1521
422	1541
28	1657
9	1471
748	1697
410	1353
106	1361
388	1527
74	1509
511	1510
324	1613
299	1395
644	1615
618	1583
304	1539
592	1448
711	1464
835	1547
172	1354
362	1716
760	1390
699	1622
351	1558
346	1503
93	1467
242	1588
117	1353
253	1698
710	1453
402	1387
457	1465
348	1461
597	1597
114	1391
473	1475
729	1466
593	1415
747	1439
73	1542
665	1574
690	1700
682	1564
431	1577
487	1484
280	1600
496	1648
791	1596
725	1344
809	1659
621	1502
103	1397
355	1540
240	1634
744	1681
521	1365
399	1689
384	1323
469	1340
515	1590
110	1484
394	1724
500	1436
141	1668
192	1478
515	1552
778	1311
830	1613
675	1536
27	1530
635	1523
560	1534
236	1447
398	1376
502	1560
79	1571
469	1318
211	1432
277	1516
51	1314
522	1305
768	1384
659	1560
311	1607
196	1343
362	1465
810	1412
69	1722
412	1689
76	1394
464	1633
666	1591
374	1582
253	1367
774	1474
857	1425
620	1441
228	1480
427	1706
271	1498
833	1570
667	1349
53	1547
148	1308
56	1567
331	1495
652	1456
575	1392
3	1403
828	1462
175	1419
585	1622
141	1367
447	1469
770	1313
117	1514
598	1397
558	1513
795	1543
684	1353
294	1582
267	1695
634	1354
351	1711
249	1501
166	1657
126	1414
388	1704
150	1460
50	1639
341	1404
856	1523
485	1503
599	1640
90	1659
29	1641
313	1623
412	1511
738	1544
705	1582
846	1610
664	1708
774	1610
675	1551
433	1591
277	1459
632	1688
297	1457
620	1597
575	1342
717	1561
570	1673
138	1606
30	1373
252	1691
198	1329
585	1665
588	1467
426	1522
736	1393
166	1583
419	1490
299	1403
373	1498
632	1443
54	1402
243	1662
116	1690
254	1368
694	1435
736	1550
199	1320
757	1386
353	1419
493	1668
548	1418
378	1322
392	1633
268	1349
493	1714
710	1512
566	1469
143	1700
19	1684
805	1491
302	1342
38	1687
402	1370
413	1517
436	1716
813	1650
816	1347
64	1670
253	1402
535	1559
80	1558
646	1642
743	1337
544	1645
463	1524
199	1549
262	1469
111	1695
811	1622
692	1703
719	1335
694	1471
376	1580
572	1466
208	1328
763	1469
5	1687
637	1596
859	1434
801	1612
633	1382
236	1670
371	1578
860	1383
761	1390
622	1658
309	1374
359	1669
231	1654
656	1682
371	1323
28	1637
226	1546
102	1603
664	1496
434	1703
158	1609
850	1465
572	1348
235	1629
486	1626
242	1330
70	1525
233	1643
210	1368
181	1381
301	1575
785	1464
649	1365
160	1584
660	1716
434	1487
397	1661
572	1322
487	1521
285	1525
830	1589
440	1437
792	1663
43	1317
698	1301
788	1551
712	1399
497	1597
228	1359
366	1660
827	1373
179	1420
860	1593
550	1552
227	1361
122	1576
43	1634
583	1320
594	1696
452	1611
250	1432
587	1627
722	1710
705	1420
702	1582
395	1423
369	1623
449	1372
842	1566
431	1488
825	1524
716	1417
54	1559
644	1453
235	1448
585	1343
294	1335
173	1485
569	1457
664	1685
116	1344
289	1422
307	1721
632	1338
370	1589
21	1591
723	1679
67	1685
129	1418
436	1672
608	1499
280	1677
798	1573
713	1311
662	1449
