0	1298
0	1299
0	1300
0	1301
0	1302
1	1303
1	1304
1	1305
2	1306
3	1307
3	1306
4	1308
4	1309
5	1298
5	1310
6	1298
6	1310
6	1307
7	1298
7	1307
8	1298
9	1298
9	1311
10	1300
10	1310
11	1298
11	1312
12	1298
12	1304
13	1298
14	1298
15	1298
16	1298
16	1302
17	1298
18	1298
19	1298
19	1313
20	1298
20	1314
21	1315
21	1316
22	1304
22	1317
22	1310
22	1307
23	1303
23	1304
23	1318
23	1308
23	1309
23	1307
24	1298
25	1298
25	1319
26	1298
27	1312
28	1298
28	1310
28	1320
29	1298
29	1308
30	1298
30	1319
31	1298
31	1321
31	1310
32	1322
32	1323
33	1324
33	1322
33	1312
34	1303
34	1325
35	1299
35	1326
35	1304
35	1327
35	1328
35	1310
35	1329
35	1308
35	1319
35	1312
35	1309
35	1315
35	1307
35	1330
36	1322
36	1312
36	1307
37	1298
37	1331
38	1298
38	1308
39	1298
39	1315
40	1298
41	1298
41	1332
42	1298
42	1307
43	1298
44	1303
44	1333
44	1334
44	1309
45	1298
46	1298
46	1310
47	1298
47	1304
48	1335
48	1307
49	1336
49	1310
50	1298
50	1307
51	1301
51	1337
52	1298
52	1312
52	1309
53	1303
53	1327
53	1338
53	1322
53	1339
54	1340
54	1341
55	1298
56	1342
56	1336
56	1318
56	1343
56	1309
57	1310
58	1344
59	1304
59	1345
59	1327
59	1346
59	1310
59	1308
59	1347
59	1312
59	1305
59	1332
59	1348
59	1307
59	1306
60	1303
60	1300
60	1349
60	1336
60	1304
60	1312
60	1305
60	1307
61	1350
61	1342
61	1298
61	1303
61	1299
61	1300
61	1336
61	1351
61	1301
61	1308
61	1322
61	1312
61	1309
61	1352
61	1320
61	1353
62	1354
62	1355
62	1356
62	1357
62	1348
62	1358
62	1316
63	1299
63	1300
63	1304
63	1329
63	1312
63	1307
63	1306
64	1299
64	1320
64	1359
65	1310
65	1312
66	1298
66	1324
67	1327
67	1360
67	1320
67	1306
68	1298
68	1306
69	1298
69	1304
70	1298
70	1304
70	1310
71	1298
71	1361
71	1310
71	1347
71	1302
71	1307
72	1298
72	1303
72	1299
72	1304
72	1362
72	1322
72	1310
72	1329
72	1308
72	1305
72	1315
72	1339
72	1324
72	1307
72	1330
73	1298
74	1304
74	1308
74	1306
75	1351
75	1327
75	1319
75	1312
75	1320
75	1307
76	1303
77	1363
77	1304
77	1322
77	1310
77	1364
77	1365
77	1339
77	1320
77	1307
78	1304
78	1310
78	1305
78	1307
78	1332
79	1366
79	1303
79	1299
79	1300
79	1336
79	1304
79	1362
79	1327
79	1328
79	1322
79	1310
79	1326
79	1360
79	1329
79	1308
79	1367
79	1368
79	1319
79	1312
79	1305
79	1309
79	1323
79	1315
79	1324
79	1348
79	1307
80	1303
80	1299
80	1300
80	1326
80	1336
80	1304
80	1322
80	1310
80	1308
80	1312
80	1360
80	1305
80	1309
80	1323
80	1369
80	1339
80	1324
80	1320
80	1307
80	1306
81	1298
81	1370
81	1306
82	1366
82	1298
82	1303
82	1371
82	1372
82	1322
82	1315
83	1300
83	1310
83	1306
84	1299
84	1300
85	1322
85	1332
86	1373
86	1309
87	1374
87	1344
87	1366
87	1342
87	1375
87	1376
87	1298
87	1361
87	1303
87	1299
87	1377
87	1378
87	1300
87	1304
87	1318
87	1373
87	1379
87	1380
87	1351
87	1381
87	1328
87	1382
87	1322
87	1310
87	1383
87	1384
87	1360
87	1385
87	1308
87	1367
87	1347
87	1386
87	1387
87	1388
87	1319
87	1389
87	1390
87	1391
87	1312
87	1305
87	1309
87	1315
87	1392
87	1393
87	1394
87	1395
87	1365
87	1339
87	1396
87	1320
87	1307
87	1397
87	1330
87	1398
87	1399
87	1306
88	1360
88	1307
89	1303
89	1309
89	1323
90	1298
90	1327
91	1370
91	1400
92	1298
92	1304
93	1310
93	1326
93	1308
93	1323
94	1303
94	1300
94	1367
94	1401
94	1304
94	1328
94	1322
94	1402
94	1310
94	1309
94	1315
94	1324
94	1307
94	1332
95	1365
95	1339
96	1310
96	1403
97	1298
97	1303
97	1299
97	1336
97	1304
97	1327
97	1328
97	1301
97	1322
97	1360
97	1310
97	1329
97	1315
97	1324
97	1307
97	1398
98	1298
98	1404
98	1405
98	1303
98	1304
98	1310
98	1312
98	1305
98	1339
98	1324
98	1307
98	1398
99	1406
99	1407
99	1358
100	1408
100	1409
101	1310
101	1302
102	1298
102	1332
103	1298
103	1410
103	1301
103	1310
103	1355
103	1329
103	1308
103	1324
104	1358
105	1298
105	1411
105	1406
105	1354
105	1412
105	1413
105	1414
105	1358
106	1303
106	1401
106	1323
106	1307
107	1298
107	1401
107	1415
107	1416
107	1417
107	1315
108	1298
109	1298
109	1329
109	1334
110	1309
110	1323
111	1303
111	1304
112	1303
112	1310
112	1329
112	1339
112	1324
112	1306
113	1303
114	1304
114	1309
115	1324
115	1307
116	1310
116	1305
117	1298
117	1301
118	1298
118	1301
119	1303
119	1322
119	1339
119	1324
119	1307
120	1298
120	1383
121	1298
121	1332
122	1298
122	1307
123	1303
123	1360
123	1418
123	1308
124	1303
124	1307
125	1320
126	1300
126	1419
126	1305
127	1298
127	1310
127	1339
127	1330
128	1298
128	1309
129	1360
129	1415
129	1420
129	1353
130	1304
130	1308
131	1421
131	1422
132	1298
132	1304
132	1423
133	1424
133	1328
133	1329
133	1308
133	1312
133	1305
133	1339
133	1307
134	1336
134	1362
134	1310
134	1307
135	1304
135	1312
135	1307
136	1298
136	1425
137	1305
138	1333
138	1426
139	1333
140	1333
141	1303
141	1305
142	1303
142	1319
142	1360
142	1320
143	1298
143	1327
143	1319
143	1312
143	1427
143	1428
144	1322
145	1339
146	1360
147	1304
147	1322
147	1310
147	1324
148	1298
148	1304
149	1312
149	1315
149	1307
150	1309
150	1307
151	1304
151	1307
152	1298
152	1429
152	1303
152	1299
152	1300
152	1304
152	1373
152	1362
152	1351
152	1327
152	1301
152	1322
152	1310
152	1383
152	1364
152	1418
152	1385
152	1337
152	1329
152	1308
152	1417
152	1430
152	1347
152	1368
152	1319
152	1302
152	1312
152	1403
152	1305
152	1309
152	1315
152	1314
152	1365
152	1339
152	1324
152	1307
152	1431
152	1330
152	1332
152	1399
152	1306
153	1310
153	1312
154	1298
154	1301
155	1332
156	1401
156	1307
157	1307
158	1432
158	1433
159	1304
159	1310
159	1312
159	1315
159	1307
159	1306
160	1298
160	1312
161	1433
161	1307
162	1299
162	1331
162	1302
162	1434
163	1374
163	1435
163	1436
163	1298
163	1376
163	1437
163	1303
163	1299
163	1438
163	1300
163	1326
163	1439
163	1440
163	1336
163	1304
163	1441
163	1373
163	1442
163	1443
163	1362
163	1380
163	1351
163	1328
163	1346
163	1444
163	1445
163	1301
163	1322
163	1360
163	1446
163	1321
163	1447
163	1310
163	1448
163	1449
163	1450
163	1451
163	1338
163	1418
163	1313
163	1329
163	1308
163	1452
163	1367
163	1347
163	1453
163	1368
163	1319
163	1331
163	1454
163	1302
163	1312
163	1357
163	1403
163	1305
163	1309
163	1323
163	1315
163	1332
163	1455
163	1434
163	1369
163	1456
163	1457
163	1458
163	1459
163	1365
163	1339
163	1324
163	1423
163	1460
163	1320
163	1307
163	1330
163	1461
163	1428
163	1306
164	1300
164	1322
164	1310
164	1302
164	1312
164	1309
164	1323
164	1307
164	1332
164	1306
165	1332
165	1307
166	1362
166	1360
167	1355
168	1342
168	1298
168	1438
168	1355
168	1358
169	1342
169	1298
169	1311
169	1355
169	1358
170	1360
171	1298
171	1339
172	1462
172	1463
173	1304
173	1360
173	1310
174	1375
174	1377
174	1304
174	1418
174	1312
174	1464
175	1303
175	1301
175	1418
175	1305
175	1307
175	1306
176	1462
176	1465
176	1466
176	1467
177	1435
177	1298
177	1336
177	1304
177	1310
177	1329
177	1319
177	1312
177	1305
177	1315
177	1320
177	1307
178	1366
178	1468
178	1298
178	1429
178	1303
178	1299
178	1469
178	1300
178	1440
178	1336
178	1304
178	1318
178	1470
178	1444
178	1362
178	1471
178	1351
178	1327
178	1328
178	1371
178	1346
178	1301
178	1322
178	1360
178	1321
178	1472
178	1310
178	1418
178	1473
178	1385
178	1416
178	1313
178	1337
178	1329
178	1308
178	1312
178	1367
178	1347
178	1368
178	1319
178	1302
178	1403
178	1305
178	1309
178	1323
178	1315
178	1332
178	1455
178	1369
178	1459
178	1339
178	1324
178	1348
178	1423
178	1474
178	1320
178	1307
178	1330
178	1306
179	1366
179	1475
179	1298
179	1304
179	1301
179	1385
179	1322
179	1347
180	1303
180	1299
180	1304
180	1373
180	1327
180	1322
180	1310
180	1432
180	1308
180	1312
180	1305
180	1315
180	1332
180	1339
180	1476
180	1307
181	1475
181	1303
181	1304
181	1310
181	1322
181	1347
181	1307
182	1298
182	1301
182	1322
183	1322
183	1309
184	1298
184	1303
184	1299
184	1300
184	1304
184	1327
184	1322
184	1310
184	1360
184	1312
184	1305
184	1309
184	1307
185	1310
185	1307
186	1336
186	1304
187	1355
188	1376
188	1299
188	1300
188	1326
188	1440
188	1304
188	1470
188	1351
188	1322
188	1310
188	1313
188	1337
188	1319
188	1305
188	1323
188	1315
188	1332
188	1339
188	1307
188	1398
189	1298
189	1477
189	1347
189	1466
189	1478
189	1428
190	1298
190	1437
190	1373
190	1310
190	1313
190	1331
190	1312
190	1365
190	1339
190	1479
191	1298
191	1329
192	1298
192	1433
193	1347
194	1298
194	1307
195	1315
196	1315
197	1315
198	1315
199	1315
200	1315
201	1315
202	1315
203	1315
204	1315
205	1315
206	1315
207	1315
208	1315
209	1315
210	1315
211	1315
212	1315
213	1315
214	1315
215	1315
216	1315
217	1315
218	1315
219	1315
220	1315
221	1315
222	1315
223	1315
224	1315
225	1315
226	1315
227	1315
228	1315
229	1315
230	1315
231	1315
232	1315
233	1315
234	1315
235	1458
236	1366
236	1303
236	1312
236	1315
237	1303
237	1328
238	1303
238	1403
239	1350
239	1331
240	1298
240	1437
240	1303
240	1304
240	1351
240	1310
240	1418
240	1329
240	1308
240	1312
240	1339
240	1324
240	1316
240	1307
241	1362
241	1315
242	1298
242	1305
243	1298
243	1310
244	1303
244	1310
244	1347
244	1312
245	1298
245	1324
246	1298
246	1304
246	1311
247	1307
248	1319
248	1312
248	1307
249	1310
250	1303
250	1336
250	1304
250	1362
250	1327
250	1328
250	1310
250	1329
250	1322
250	1347
250	1319
250	1312
250	1309
250	1315
250	1332
250	1324
250	1307
251	1303
251	1307
252	1298
252	1329
253	1298
253	1301
253	1310
254	1299
254	1351
254	1310
255	1313
255	1312
256	1336
256	1310
256	1312
256	1315
256	1307
257	1358
257	1332
257	1399
258	1319
258	1312
258	1330
258	1306
259	1324
259	1311
260	1298
260	1303
261	1310
261	1306
262	1304
262	1327
262	1319
262	1312
263	1298
263	1322
264	1298
264	1302
265	1298
265	1303
265	1304
265	1329
265	1309
266	1298
266	1308
266	1480
266	1331
266	1312
266	1324
267	1303
267	1329
267	1312
268	1299
268	1304
269	1301
269	1307
270	1303
271	1303
271	1307
272	1360
272	1307
273	1347
273	1312
273	1315
273	1307
274	1304
274	1307
275	1298
275	1301
276	1329
276	1347
277	1408
278	1304
278	1312
279	1319
280	1299
280	1324
281	1298
281	1324
282	1303
282	1305
282	1307
283	1298
283	1310
284	1329
284	1307
285	1301
285	1322
285	1365
285	1339
285	1324
286	1307
287	1298
287	1332
288	1298
288	1310
289	1298
289	1303
290	1298
290	1301
291	1303
291	1301
291	1322
291	1312
292	1304
292	1312
293	1310
293	1339
294	1322
294	1311
295	1298
295	1322
295	1320
295	1307
296	1308
297	1310
298	1298
298	1303
298	1320
298	1307
299	1455
300	1304
300	1339
300	1307
300	1306
301	1319
302	1310
303	1298
303	1320
304	1320
305	1342
306	1342
306	1298
306	1309
306	1315
306	1307
307	1329
307	1312
308	1298
308	1315
309	1312
310	1298
310	1335
311	1322
311	1310
311	1312
311	1339
311	1307
312	1299
312	1336
313	1307
314	1303
314	1300
315	1319
316	1373
316	1459
316	1399
317	1310
318	1360
318	1415
318	1420
318	1353
319	1353
320	1319
321	1481
321	1324
322	1306
323	1304
324	1303
324	1336
324	1304
324	1310
324	1312
324	1305
324	1315
324	1307
324	1332
325	1304
326	1313
327	1310
327	1312
328	1304
329	1327
330	1304
331	1320
332	1304
332	1330
333	1456
333	1324
334	1312
335	1329
335	1312
336	1319
336	1307
337	1303
337	1300
337	1482
337	1304
337	1307
338	1312
338	1305
339	1298
339	1358
340	1298
340	1423
341	1303
341	1308
342	1303
342	1308
343	1303
343	1308
344	1303
344	1308
345	1303
345	1308
346	1303
346	1308
347	1303
347	1308
348	1303
348	1308
349	1303
349	1308
350	1303
350	1308
351	1303
351	1308
352	1329
353	1324
353	1327
353	1322
353	1360
353	1308
353	1312
353	1305
353	1309
354	1483
354	1470
355	1484
355	1366
355	1485
355	1298
355	1429
355	1303
355	1299
355	1300
355	1326
355	1439
355	1336
355	1304
355	1486
355	1379
355	1442
355	1487
355	1488
355	1351
355	1327
355	1489
355	1490
355	1491
355	1492
355	1328
355	1346
355	1301
355	1322
355	1310
355	1493
355	1494
355	1495
355	1418
355	1496
355	1360
355	1313
355	1337
355	1329
355	1308
355	1312
355	1497
355	1430
355	1347
355	1368
355	1319
355	1302
355	1305
355	1309
355	1323
355	1315
355	1332
355	1455
355	1369
355	1459
355	1498
355	1499
355	1365
355	1339
355	1324
355	1500
355	1348
355	1423
355	1316
355	1320
355	1307
355	1501
355	1330
355	1353
355	1398
355	1306
355	1502
356	1307
357	1308
357	1305
358	1455
358	1398
359	1322
359	1347
359	1307
359	1306
360	1366
360	1303
360	1299
360	1469
360	1300
360	1440
360	1424
360	1336
360	1304
360	1379
360	1362
360	1351
360	1327
360	1328
360	1301
360	1322
360	1310
360	1503
360	1432
360	1355
360	1418
360	1313
360	1337
360	1465
360	1329
360	1308
360	1347
360	1453
360	1504
360	1368
360	1505
360	1387
360	1319
360	1331
360	1302
360	1312
360	1360
360	1403
360	1305
360	1309
360	1323
360	1315
360	1506
360	1332
360	1434
360	1369
360	1365
360	1339
360	1507
360	1324
360	1348
360	1307
360	1479
360	1306
361	1303
361	1310
361	1347
361	1312
362	1298
362	1460
363	1342
363	1303
363	1299
363	1401
363	1508
363	1340
363	1301
363	1503
363	1329
363	1308
363	1388
363	1334
363	1312
363	1309
363	1339
363	1358
363	1316
363	1307
363	1509
364	1510
364	1328
365	1300
365	1310
365	1511
365	1512
365	1513
365	1302
366	1298
366	1401
366	1301
366	1322
367	1298
367	1299
367	1470
367	1301
367	1514
368	1305
369	1298
369	1310
369	1308
369	1309
370	1432
370	1329
370	1312
370	1307
370	1306
371	1305
372	1308
372	1312
372	1307
373	1298
373	1439
374	1298
374	1310
374	1313
375	1298
376	1511
376	1512
377	1303
377	1304
377	1309
378	1303
378	1481
378	1314
379	1318
379	1388
380	1299
381	1298
381	1312
382	1303
382	1322
382	1310
382	1312
383	1302
383	1515
384	1433
384	1312
385	1298
385	1307
386	1298
386	1332
387	1298
387	1303
387	1302
387	1309
387	1324
388	1298
388	1299
389	1298
389	1304
389	1301
389	1307
390	1298
390	1301
390	1302
391	1462
391	1475
391	1485
391	1298
391	1303
391	1510
391	1299
391	1300
391	1326
391	1401
391	1304
391	1335
391	1516
391	1362
391	1517
391	1322
391	1310
391	1494
391	1355
391	1518
391	1360
391	1385
391	1319
391	1312
391	1305
391	1309
391	1315
391	1332
391	1455
391	1339
391	1519
391	1316
391	1320
391	1307
391	1501
391	1330
392	1485
392	1332
393	1298
393	1308
394	1303
394	1327
394	1310
394	1347
394	1319
394	1520
394	1312
395	1303
395	1300
395	1304
395	1310
395	1305
395	1309
396	1521
396	1379
396	1487
396	1522
396	1399
397	1303
397	1304
397	1327
397	1310
397	1315
398	1301
398	1453
399	1523
399	1458
400	1299
400	1300
400	1304
400	1327
400	1328
400	1310
400	1329
400	1319
400	1324
400	1307
401	1298
401	1310
401	1515
402	1472
402	1347
403	1462
403	1524
403	1318
403	1364
404	1298
404	1322
404	1402
405	1298
405	1310
406	1403
406	1305
407	1525
408	1303
408	1299
408	1300
408	1326
408	1304
408	1470
408	1310
408	1312
408	1305
408	1324
408	1307
408	1330
408	1526
408	1306
409	1347
409	1302
410	1298
410	1323
410	1455
410	1365
410	1339
411	1299
411	1300
411	1326
411	1304
411	1351
411	1301
411	1310
411	1308
411	1368
411	1305
411	1365
411	1339
411	1320
411	1307
411	1306
412	1339
413	1310
413	1329
413	1339
413	1324
413	1306
414	1308
414	1312
415	1319
415	1312
415	1339
416	1310
416	1308
417	1322
417	1403
417	1365
417	1339
418	1299
418	1310
418	1307
419	1470
419	1351
419	1360
420	1327
421	1527
421	1320
422	1304
423	1298
423	1303
423	1528
423	1455
424	1310
424	1308
425	1339
425	1467
426	1298
426	1304
426	1322
426	1365
426	1339
426	1307
427	1322
427	1332
428	1301
428	1332
429	1322
429	1332
429	1330
430	1303
430	1299
430	1310
430	1365
430	1324
430	1307
431	1303
432	1529
432	1298
432	1429
432	1303
432	1510
432	1299
432	1370
432	1300
432	1324
432	1530
432	1304
432	1487
432	1327
432	1322
432	1372
432	1310
432	1417
432	1368
432	1312
432	1305
432	1315
432	1531
432	1339
432	1307
432	1330
432	1306
433	1298
434	1298
434	1336
435	1298
436	1307
437	1515
437	1398
438	1462
438	1370
439	1462
439	1532
440	1300
440	1339
441	1418
441	1308
442	1300
2	1533
443	1360
443	1310
444	1300
444	1323
444	1307
444	1304
444	1312
444	1309
444	1322
445	1315
445	1310
445	1360
3	1362
3	1309
3	1304
3	1332
3	1315
446	1308
446	1303
447	1308
447	1307
448	1418
448	1324
32	1339
32	1306
33	1307
33	1303
33	1309
33	1534
33	1301
33	1304
449	1304
449	1307
449	1303
449	1315
35	1303
35	1415
35	1324
35	1300
35	1360
35	1339
35	1305
35	1322
35	1533
35	1336
35	1398
35	1348
36	1304
36	1351
36	1303
36	1315
36	1301
36	1310
36	1309
450	1323
450	1301
450	1310
451	1304
451	1307
452	1310
452	1312
452	1327
452	1308
453	1310
453	1332
454	1312
454	1533
454	1307
454	1304
455	1533
456	1312
456	1307
456	1310
456	1533
456	1322
456	1303
456	1304
456	1305
457	1303
457	1339
457	1300
458	1306
458	1305
458	1366
458	1310
458	1309
458	1348
458	1303
458	1307
458	1301
458	1304
458	1483
458	1322
458	1332
458	1351
458	1315
458	1360
458	1535
458	1391
458	1367
458	1308
458	1336
458	1386
458	1398
458	1324
458	1329
458	1328
458	1330
458	1327
458	1344
458	1339
458	1347
458	1533
458	1300
458	1312
459	1301
459	1453
49	1309
49	1312
49	1307
49	1371
51	1305
460	1307
460	1303
460	1300
460	1304
460	1306
52	1323
52	1326
52	1306
461	1300
461	1305
461	1322
461	1310
462	1305
462	1303
53	1312
53	1347
53	1300
53	1310
53	1326
53	1308
53	1324
53	1304
463	1322
463	1312
463	1309
463	1305
463	1398
463	1336
463	1307
463	1306
463	1310
464	1304
464	1336
464	1307
59	1330
59	1315
59	1324
59	1360
59	1362
59	1303
465	1324
465	1304
466	1307
466	1327
467	1307
467	1303
467	1305
468	1312
468	1310
468	1351
468	1398
468	1327
468	1300
468	1352
468	1353
468	1322
468	1336
468	1308
468	1309
468	1303
60	1313
60	1306
60	1322
60	1339
61	1304
61	1310
61	1307
62	1301
62	1304
62	1305
62	1339
63	1309
63	1303
63	1339
63	1360
63	1310
63	1322
63	1476
63	1332
469	1307
469	1304
470	1401
470	1307
471	1327
471	1359
472	1304
472	1398
472	1303
473	1339
473	1312
474	1304
474	1308
474	1312
474	1324
67	1307
67	1300
475	1310
475	1304
475	1312
476	1309
476	1360
476	1304
477	1310
477	1307
477	1324
478	1306
478	1300
479	1300
479	1329
479	1312
480	1307
480	1362
480	1310
70	1476
70	1306
70	1305
70	1351
70	1322
70	1307
70	1308
70	1300
71	1300
71	1306
71	1322
71	1533
71	1309
71	1312
71	1303
71	1339
71	1366
481	1324
481	1304
481	1307
481	1312
72	1360
72	1327
72	1312
72	1300
72	1323
72	1332
72	1533
72	1347
72	1351
72	1306
482	1304
482	1336
73	1301
73	1312
483	1302
483	1322
483	1336
74	1351
75	1304
75	1310
75	1303
75	1332
75	1533
75	1308
75	1415
75	1300
75	1360
75	1493
75	1329
75	1310
75	1322
76	1307
76	1305
77	1305
78	1309
79	1339
79	1533
79	1330
79	1351
79	1306
79	1398
79	1347
80	1366
80	1398
80	1351
80	1362
80	1476
80	1327
83	1305
484	1360
484	1307
484	1304
484	1300
484	1312
484	1310
485	1310
485	1301
87	1313
87	1327
88	1305
88	1329
88	1313
486	1329
91	1307
91	1329
91	1304
93	1322
93	1496
93	1309
93	1304
94	1331
94	1339
94	1312
94	1305
94	1347
94	1313
94	1326
94	1306
94	1368
94	1366
94	1329
487	1308
488	1306
488	1327
489	1310
489	1308
97	1312
98	1300
98	1322
98	1351
98	1327
98	1326
98	1332
98	1533
98	1309
98	1315
98	1362
98	1336
98	1306
98	1329
98	1308
98	1348
98	1301
490	1309
490	1330
101	1305
491	1362
491	1307
491	1398
491	1310
492	1305
492	1351
492	1307
492	1312
492	1310
492	1304
103	1312
103	1415
103	1339
103	1306
103	1304
103	1330
103	1300
103	1307
493	1304
493	1328
106	1301
106	1362
106	1533
106	1324
106	1306
106	1304
106	1360
106	1300
106	1312
106	1305
106	1322
106	1310
106	1309
107	1310
107	1312
107	1307
107	1305
107	1351
108	1332
108	1300
109	1327
109	1300
109	1419
109	1303
109	1415
109	1302
109	1307
109	1533
109	1305
109	1313
109	1330
109	1315
109	1304
109	1309
109	1312
109	1322
109	1324
109	1436
109	1310
110	1307
110	1327
494	1309
494	1307
494	1304
494	1310
112	1307
112	1533
113	1300
113	1304
113	1312
113	1308
113	1309
113	1347
113	1310
114	1339
114	1310
114	1327
114	1306
114	1315
114	1312
115	1310
115	1306
115	1327
115	1386
115	1312
115	1304
115	1315
115	1351
495	1310
495	1307
116	1327
116	1306
116	1418
116	1308
116	1322
116	1307
116	1320
116	1312
119	1310
496	1304
496	1310
497	1305
497	1360
497	1306
498	1307
498	1418
498	1312
498	1329
499	1366
499	1533
123	1310
123	1312
123	1309
500	1305
500	1307
501	1322
501	1315
501	1308
501	1326
501	1305
501	1303
502	1339
502	1327
126	1533
126	1304
126	1309
503	1304
503	1303
503	1327
504	1305
504	1309
504	1351
504	1336
504	1304
504	1307
504	1327
504	1360
504	1332
504	1344
504	1303
504	1440
504	1301
504	1536
504	1347
504	1339
504	1418
504	1310
504	1312
127	1307
127	1362
127	1300
127	1347
505	1327
505	1312
128	1313
128	1323
506	1310
506	1312
130	1398
130	1322
130	1303
130	1300
130	1309
130	1336
130	1310
130	1306
130	1307
130	1329
131	1312
131	1303
131	1429
132	1303
132	1329
132	1308
132	1305
132	1312
133	1347
133	1304
133	1310
133	1336
133	1303
134	1339
134	1327
134	1324
134	1308
134	1305
134	1309
134	1329
134	1301
134	1351
135	1323
135	1310
135	1300
135	1368
135	1303
135	1305
135	1301
135	1339
135	1327
135	1348
135	1309
135	1533
135	1360
135	1329
507	1312
507	1360
507	1304
137	1310
137	1306
508	1310
508	1309
509	1307
509	1322
509	1308
509	1309
509	1326
509	1310
141	1339
141	1312
142	1327
143	1300
143	1307
143	1322
143	1310
143	1304
143	1305
143	1330
143	1332
143	1306
143	1533
144	1533
144	1347
144	1312
144	1310
144	1330
144	1304
144	1303
144	1302
510	1312
510	1305
511	1327
511	1305
511	1300
511	1307
511	1310
511	1339
511	1304
146	1303
146	1300
146	1312
146	1327
147	1312
147	1307
147	1329
147	1305
147	1366
512	1303
512	1307
150	1303
150	1313
150	1322
150	1304
150	1312
151	1305
151	1496
151	1312
151	1310
151	1301
151	1306
152	1313
152	1398
152	1360
152	1323
152	1336
152	1512
152	1533
152	1320
153	1322
153	1300
513	1310
513	1307
513	1324
513	1312
514	1305
514	1310
514	1303
514	1347
514	1306
514	1366
155	1305
155	1310
515	1322
515	1339
515	1307
515	1312
515	1305
516	1322
516	1307
516	1430
157	1305
157	1306
157	1304
517	1307
159	1305
159	1300
159	1322
159	1339
159	1303
518	1304
518	1300
518	1303
518	1309
518	1310
518	1324
519	1306
519	1535
520	1310
520	1307
160	1533
521	1300
521	1310
163	1483
163	1348
163	1463
163	1533
163	1327
163	1537
163	1398
163	1366
163	1538
163	1539
163	1540
163	1541
163	1475
163	1402
163	1515
163	1359
163	1476
164	1329
164	1304
165	1310
165	1430
165	1308
165	1533
165	1309
166	1313
166	1307
166	1300
166	1310
166	1398
166	1304
166	1440
166	1303
166	1305
166	1347
166	1327
166	1312
166	1542
166	1309
522	1304
522	1312
522	1322
522	1310
168	1310
170	1312
170	1302
170	1322
170	1309
170	1301
171	1415
171	1307
171	1310
171	1322
523	1307
523	1304
523	1533
524	1306
524	1360
172	1312
172	1339
172	1307
172	1324
172	1304
172	1360
172	1366
172	1329
172	1538
172	1398
172	1300
172	1305
173	1326
173	1313
173	1312
173	1398
173	1362
174	1307
175	1398
175	1304
525	1305
526	1307
526	1332
527	1304
527	1329
528	1315
528	1312
528	1307
529	1329
529	1323
529	1301
529	1303
530	1312
530	1533
177	1300
177	1360
177	1327
177	1306
531	1398
531	1312
531	1300
531	1309
531	1310
531	1315
531	1322
531	1307
178	1476
178	1415
178	1398
178	1326
178	1436
178	1533
178	1400
178	1484
178	1349
179	1308
179	1303
179	1332
179	1309
179	1312
179	1324
179	1310
179	1307
179	1329
180	1309
180	1360
180	1366
180	1324
180	1533
180	1415
180	1329
532	1315
532	1307
533	1366
533	1322
533	1329
184	1302
184	1339
184	1324
184	1348
184	1329
184	1308
184	1418
185	1306
181	1312
181	1366
181	1305
181	1306
181	1332
181	1344
181	1315
181	1328
182	1329
182	1310
534	1329
534	1322
535	1301
535	1368
186	1308
186	1366
186	1310
536	1322
536	1303
537	1303
537	1301
537	1307
538	1300
538	1304
538	1309
538	1303
538	1307
538	1305
538	1332
538	1310
538	1312
538	1339
538	1302
538	1301
538	1313
538	1347
538	1323
538	1306
188	1309
188	1303
188	1369
188	1543
188	1360
188	1312
188	1336
188	1419
188	1306
188	1533
539	1302
539	1307
539	1339
539	1310
539	1313
539	1312
539	1331
540	1307
540	1303
193	1307
193	1339
193	1305
194	1360
541	1303
541	1324
541	1339
541	1313
236	1368
237	1324
237	1306
542	1303
542	1305
543	1327
543	1339
544	1308
544	1310
544	1312
544	1322
239	1324
240	1360
240	1305
240	1309
240	1366
240	1306
240	1336
240	1326
240	1347
240	1322
545	1336
545	1304
545	1328
546	1307
546	1306
547	1304
547	1307
548	1360
548	1310
549	1306
549	1339
245	1307
245	1327
245	1312
550	1312
550	1329
246	1310
246	1348
246	1336
246	1308
246	1360
246	1327
246	1312
246	1301
551	1304
551	1303
552	1300
552	1324
251	1310
251	1322
251	1300
251	1360
251	1398
553	1533
553	1304
252	1398
252	1322
442	1304
442	1301
442	1303
442	1307
442	1351
442	1309
442	1327
442	1310
442	1493
442	1305
442	1332
442	1360
442	1366
442	1315
442	1324
442	1336
442	1398
442	1322
442	1328
442	1329
442	1308
442	1306
554	1310
554	1324
555	1310
555	1309
555	1305
253	1398
253	1327
253	1476
253	1385
556	1310
556	1322
556	1304
254	1309
255	1533
255	1330
557	1344
557	1310
557	1312
256	1326
256	1308
256	1415
558	1304
558	1366
559	1312
559	1300
258	1309
258	1304
258	1329
560	1330
561	1332
561	1330
561	1322
562	1306
562	1300
562	1309
562	1533
562	1366
562	1322
562	1308
562	1329
563	1313
563	1307
563	1303
563	1304
563	1329
563	1305
564	1327
564	1307
564	1312
260	1312
260	1309
260	1398
260	1310
260	1322
565	1304
565	1307
261	1307
261	1315
566	1339
566	1360
566	1329
566	1306
567	1307
567	1303
568	1307
568	1310
262	1336
262	1307
262	1332
262	1360
262	1310
262	1329
262	1306
262	1322
262	1323
262	1305
262	1533
262	1303
262	1351
263	1539
263	1303
263	1310
263	1324
263	1329
263	1312
263	1304
263	1368
569	1315
569	1310
264	1360
264	1310
264	1322
264	1304
264	1329
570	1307
570	1301
570	1310
265	1305
265	1307
265	1310
265	1312
265	1535
265	1323
266	1310
266	1303
266	1322
266	1374
266	1304
266	1307
266	1360
266	1315
266	1300
571	1307
571	1300
571	1329
571	1304
572	1309
572	1336
267	1304
267	1300
267	1307
267	1310
267	1483
267	1322
267	1309
267	1332
267	1330
267	1306
267	1308
267	1305
573	1322
573	1309
574	1303
574	1300
574	1339
574	1306
575	1304
575	1332
575	1303
575	1533
576	1312
576	1306
576	1304
577	1309
577	1307
578	1305
578	1306
271	1310
271	1329
579	1307
579	1439
580	1366
580	1306
580	1303
580	1312
581	1301
581	1310
581	1303
582	1482
582	1310
582	1336
582	1339
582	1307
582	1308
582	1360
582	1366
583	1301
583	1308
583	1330
583	1315
583	1307
583	1303
583	1339
584	1307
584	1339
584	1303
584	1312
584	1329
584	1310
585	1312
585	1322
585	1303
272	1303
272	1322
272	1310
272	1312
273	1332
273	1339
273	1330
273	1303
273	1308
273	1310
274	1324
274	1300
274	1327
586	1330
586	1303
276	1304
276	1312
276	1310
276	1307
587	1307
587	1306
587	1329
587	1310
587	1308
278	1307
278	1305
278	1336
278	1308
588	1366
588	1303
589	1339
589	1398
590	1329
590	1312
590	1307
590	1310
590	1533
590	1300
590	1360
590	1315
590	1322
590	1306
591	1544
591	1303
591	1304
592	1312
592	1322
592	1309
592	1329
285	1309
285	1303
285	1305
285	1347
593	1305
593	1303
593	1312
593	1329
594	1339
595	1336
595	1304
596	1360
596	1307
596	1310
597	1310
597	1307
597	1303
286	1418
286	1329
286	1332
598	1307
598	1315
599	1315
599	1307
600	1326
600	1332
601	1336
601	1306
602	1312
602	1323
602	1309
603	1312
603	1310
291	1533
291	1305
291	1360
291	1339
604	1303
604	1309
292	1327
292	1303
292	1533
292	1307
292	1360
292	1315
292	1310
292	1300
292	1398
292	1305
293	1324
294	1310
294	1300
605	1322
605	1303
606	1312
606	1304
607	1315
607	1329
297	1307
298	1351
298	1360
298	1368
298	1312
298	1336
298	1304
298	1310
608	1310
608	1303
300	1303
300	1312
300	1330
300	1310
300	1327
300	1336
609	1307
609	1402
610	1305
610	1329
610	1308
610	1304
611	1362
611	1326
611	1336
302	1327
302	1329
302	1307
612	1315
612	1330
612	1533
613	1310
613	1312
614	1307
614	1312
304	1307
304	1322
304	1304
304	1300
615	1332
615	1312
615	1324
615	1304
616	1312
616	1303
617	1312
617	1303
618	1398
618	1303
619	1322
619	1303
620	1312
620	1304
249	1312
249	1304
249	1328
249	1303
621	1302
621	1367
622	1303
622	1322
623	1308
623	1347
623	1305
623	1415
623	1324
623	1307
623	1329
623	1315
623	1344
623	1304
623	1339
624	1307
624	1327
624	1336
624	1304
624	1303
624	1322
624	1310
311	1303
311	1306
311	1313
311	1336
311	1327
311	1510
311	1401
311	1308
311	1305
311	1429
311	1300
311	1304
250	1538
250	1313
250	1339
250	1386
250	1300
250	1351
250	1474
250	1301
250	1398
250	1533
250	1306
250	1308
250	1330
625	1304
625	1307
625	1306
626	1310
626	1304
626	1300
626	1307
627	1323
627	1305
627	1309
627	1322
627	1312
627	1430
627	1303
314	1307
314	1309
314	1339
314	1362
314	1366
314	1331
628	1308
628	1304
629	1305
629	1326
629	1310
630	1327
630	1307
631	1304
631	1308
315	1533
321	1310
321	1312
321	1306
321	1323
632	1304
632	1303
632	1362
633	1304
633	1309
633	1310
634	1303
634	1310
635	1306
635	1324
635	1304
635	1313
636	1310
636	1313
637	1303
637	1309
637	1305
637	1310
638	1420
638	1353
638	1415
639	1309
639	1304
640	1304
640	1310
329	1351
641	1303
641	1310
641	1307
324	1309
324	1329
324	1308
324	1306
324	1327
324	1330
324	1322
324	1324
324	1300
324	1339
324	1347
642	1305
642	1306
643	1310
643	1300
644	1304
644	1310
645	1312
645	1303
646	1324
646	1327
646	1300
646	1306
646	1312
646	1329
646	1328
646	1304
646	1310
646	1307
646	1533
647	1300
647	1336
647	1303
647	1308
648	1326
648	1305
648	1476
648	1310
649	1339
650	1310
650	1308
650	1368
649	1310
651	1322
651	1545
651	1310
652	1304
652	1310
653	1310
653	1323
653	1305
319	1304
330	1310
330	1312
330	1322
654	1322
654	1305
654	1324
654	1533
655	1303
655	1302
320	1533
331	1327
656	1308
656	1312
657	1339
657	1304
658	1533
658	1303
659	1307
659	1312
659	1310
659	1304
659	1303
659	1336
660	1366
660	1322
334	1328
661	1307
661	1324
662	1360
336	1533
337	1312
338	1308
663	1309
663	1362
663	1329
663	1312
663	1315
663	1305
663	1303
663	1307
663	1339
663	1326
663	1367
663	1301
664	1312
664	1303
664	1306
664	1307
664	1305
664	1310
664	1322
664	1309
664	1308
664	1323
664	1304
352	1347
352	1476
352	1304
353	1300
353	1315
353	1307
353	1304
353	1313
353	1339
353	1332
353	1402
353	1310
353	1398
353	1303
354	1304
354	1303
665	1329
665	1533
665	1310
665	1307
665	1315
666	1307
666	1303
666	1310
666	1304
666	1312
666	1329
667	1312
667	1304
667	1307
667	1322
667	1306
667	1303
355	1538
355	1436
355	1440
355	1401
355	1470
355	1419
355	1402
355	1533
668	1308
668	1305
669	1339
669	1310
669	1307
358	1303
670	1301
670	1322
671	1312
671	1306
671	1336
672	1307
672	1339
672	1310
672	1315
672	1308
672	1332
672	1301
673	1306
673	1307
673	1322
360	1439
360	1326
360	1330
360	1431
360	1535
360	1533
360	1546
674	1306
674	1315
674	1308
675	1300
675	1305
676	1310
676	1304
676	1322
676	1324
363	1326
363	1315
363	1347
363	1351
363	1300
363	1302
363	1327
363	1331
363	1366
363	1304
363	1324
363	1310
363	1332
363	1305
677	1309
677	1303
677	1307
364	1322
364	1533
364	1360
364	1310
364	1312
364	1429
365	1307
365	1304
365	1398
365	1305
678	1310
678	1306
679	1310
679	1362
679	1306
366	1324
366	1315
366	1470
366	1336
367	1305
367	1312
367	1304
367	1322
367	1339
680	1308
680	1300
368	1300
368	1312
368	1322
369	1304
369	1300
369	1362
369	1326
369	1307
369	1301
370	1305
370	1310
370	1351
370	1327
372	1304
372	1360
372	1301
372	1347
372	1313
372	1309
681	1322
681	1309
373	1312
373	1309
373	1398
373	1306
373	1304
373	1547
373	1310
682	1309
682	1304
377	1310
377	1339
377	1307
377	1306
377	1327
377	1312
377	1300
377	1308
377	1329
377	1301
683	1430
683	1360
683	1336
684	1305
684	1315
684	1324
685	1308
685	1307
380	1307
380	1303
380	1305
380	1306
380	1322
380	1348
380	1308
380	1310
382	1366
382	1307
686	1304
686	1308
686	1339
687	1303
687	1304
687	1310
687	1308
687	1339
688	1303
688	1304
688	1310
688	1308
688	1339
689	1310
689	1336
689	1302
690	1305
690	1307
690	1360
691	1339
691	1336
692	1332
692	1330
693	1312
693	1533
387	1301
387	1307
387	1312
387	1418
387	1351
387	1305
387	1308
388	1304
388	1312
388	1305
694	1322
694	1306
694	1309
694	1533
694	1339
694	1300
695	1304
695	1306
695	1302
389	1310
391	1347
391	1336
391	1329
391	1538
391	1308
391	1366
391	1470
391	1493
391	1533
391	1398
391	1302
391	1306
391	1440
391	1368
391	1301
391	1327
391	1324
392	1313
392	1310
696	1312
696	1303
696	1327
696	1307
696	1322
394	1305
394	1348
394	1539
394	1533
394	1304
394	1415
395	1326
395	1307
395	1308
395	1306
395	1312
397	1309
397	1312
397	1307
397	1308
397	1302
397	1330
397	1305
397	1300
397	1339
397	1323
697	1310
697	1307
401	1327
401	1330
698	1324
698	1304
698	1533
698	1339
698	1312
403	1310
403	1306
403	1398
699	1304
699	1308
700	1310
700	1362
700	1312
700	1300
404	1315
404	1307
404	1310
404	1308
404	1304
404	1336
404	1330
404	1303
404	1300
404	1493
404	1305
404	1306
404	1360
404	1309
404	1329
404	1386
701	1305
701	1309
701	1312
701	1310
701	1347
701	1303
701	1307
702	1330
702	1324
703	1307
703	1302
704	1535
704	1305
704	1307
704	1310
704	1470
408	1348
408	1360
408	1347
408	1366
408	1309
705	1332
705	1310
705	1307
705	1360
705	1398
706	1538
706	1322
706	1310
707	1300
707	1312
708	1322
708	1310
708	1304
708	1327
708	1306
708	1312
708	1339
709	1303
709	1305
410	1439
410	1440
710	1312
710	1339
411	1415
411	1324
411	1312
411	1362
411	1496
411	1322
411	1360
711	1306
711	1368
711	1309
711	1315
711	1323
711	1327
711	1366
711	1360
711	1312
711	1307
711	1304
711	1303
711	1339
711	1301
711	1300
711	1305
711	1310
412	1310
712	1307
712	1339
713	1312
713	1339
413	1299
414	1300
414	1310
414	1307
414	1371
414	1398
414	1304
414	1305
414	1309
414	1326
415	1533
714	1301
714	1322
417	1309
417	1418
417	1300
417	1307
418	1312
715	1303
715	1312
715	1360
716	1322
716	1310
419	1307
419	1306
419	1347
419	1322
717	1304
717	1324
717	1327
718	1308
718	1307
718	1303
718	1304
719	1360
719	1312
719	1310
719	1322
720	1348
720	1303
720	1304
720	1322
720	1310
720	1327
720	1339
721	1310
721	1303
721	1533
721	1327
721	1300
424	1368
424	1312
425	1368
425	1304
425	1436
426	1303
426	1312
426	1301
722	1339
722	1332
723	1301
723	1322
724	1309
724	1312
428	1330
429	1307
429	1300
429	1303
429	1538
430	1322
430	1306
430	1360
430	1368
430	1339
430	1305
431	1307
431	1533
725	1313
725	1307
432	1360
432	1309
432	1538
432	1362
432	1347
432	1344
432	1328
432	1351
432	1369
432	1366
432	1533
432	1326
432	1398
432	1336
432	1535
432	1385
432	1418
432	1475
432	1308
432	1332
432	1476
726	1301
726	1315
727	1322
727	1533
727	1312
728	1305
728	1303
729	1310
729	1323
730	1310
730	1329
433	1349
433	1301
434	1360
731	1308
731	1310
732	1307
732	1322
732	1310
732	1329
732	1312
733	1323
733	1310
733	1303
733	1307
733	1312
733	1300
733	1322
733	1360
734	1347
436	1310
436	1306
436	1312
436	1332
436	1308
436	1368
436	1329
436	1322
735	1339
735	1304
735	1322
736	1307
736	1303
736	1304
736	1339
736	1299
736	1301
736	1305
736	1309
736	1533
736	1324
737	1336
737	1329
737	1300
737	1533
737	1306
737	1304
737	1430
738	1304
738	1310
739	1310
740	1307
740	1329
741	1303
741	1310
741	1327
742	1307
742	1310
743	1307
743	1303
744	1300
744	1309
745	1362
745	1327
746	1307
746	1310
747	1301
747	1312
748	1329
748	1312
749	1339
750	1332
750	1330
751	1322
751	1310
752	1332
752	1351
752	1304
752	1307
753	1351
753	1304
753	1366
753	1303
754	1301
754	1369
755	1310
755	1304
756	1301
756	1310
756	1332
756	1347
756	1313
757	1304
757	1305
758	1304
759	1312
759	1315
759	1327
759	1304
759	1300
759	1303
759	1329
759	1476
759	1301
759	1310
759	1305
760	1301
760	1306
760	1339
761	1312
761	1332
761	1324
762	1327
762	1310
763	1307
763	1329
764	1322
764	1332
765	1306
765	1304
766	1312
766	1347
767	1470
767	1533
768	1313
768	1309
768	1303
768	1336
769	1327
769	1326
769	1303
769	1304
769	1307
769	1332
769	1312
769	1315
769	1302
769	1453
769	1322
769	1310
769	1313
769	1308
769	1305
769	1415
769	1366
769	1533
769	1309
769	1336
769	1300
769	1351
769	1339
770	1310
770	1308
770	1339
770	1304
771	1327
771	1301
771	1305
771	1322
771	1303
771	1309
771	1339
771	1312
771	1324
771	1307
771	1300
771	1332
771	1304
771	1329
771	1310
772	1312
772	1339
772	1304
772	1303
772	1315
772	1329
772	1309
772	1300
772	1470
772	1310
772	1324
772	1307
772	1322
773	1303
773	1312
773	1339
773	1304
773	1308
773	1332
773	1330
773	1301
773	1310
773	1324
773	1322
773	1336
773	1307
773	1305
773	1315
774	1315
774	1303
774	1368
774	1302
774	1327
774	1324
774	1339
774	1300
774	1322
774	1304
774	1305
774	1310
774	1307
774	1312
774	1362
774	1348
774	1306
774	1344
774	1332
774	1360
774	1336
774	1470
774	1309
775	1303
775	1322
775	1339
775	1307
775	1347
775	1312
775	1304
776	1322
777	1323
777	1312
777	1327
777	1322
777	1305
777	1306
777	1360
777	1310
777	1533
777	1307
777	1339
777	1300
777	1309
777	1304
778	1332
778	1309
778	1339
778	1304
778	1360
778	1305
778	1307
778	1303
778	1326
778	1310
778	1312
778	1329
778	1322
778	1366
778	1324
778	1415
779	1313
779	1339
779	1300
779	1308
780	1533
780	1366
780	1310
780	1324
780	1322
780	1362
780	1309
780	1301
780	1307
780	1305
780	1304
780	1347
780	1440
780	1303
780	1329
780	1306
780	1339
781	1312
781	1310
781	1322
781	1315
781	1326
781	1339
781	1327
781	1303
781	1304
781	1305
781	1306
781	1353
781	1329
781	1324
781	1331
781	1307
781	1301
781	1351
782	1300
782	1339
782	1306
782	1305
782	1304
782	1351
782	1347
782	1302
782	1533
782	1329
782	1315
782	1310
782	1303
782	1324
782	1307
782	1330
782	1312
782	1301
782	1308
783	1300
783	1312
783	1310
783	1362
783	1307
784	1315
784	1301
785	1303
785	1398
786	1419
786	1303
787	1322
787	1310
787	1398
787	1300
787	1302
787	1304
787	1329
787	1360
788	1306
788	1310
788	1360
788	1307
788	1300
788	1368
788	1312
788	1327
788	1301
788	1302
788	1548
788	1309
788	1304
788	1326
788	1303
789	1415
789	1533
789	1326
789	1305
790	1305
791	1304
791	1327
792	1305
792	1303
792	1312
792	1310
792	1347
792	1300
792	1307
792	1327
792	1315
792	1339
792	1326
792	1330
792	1328
792	1329
792	1324
792	1322
792	1306
792	1309
792	1304
793	1347
793	1362
793	1303
793	1300
794	1310
794	1303
795	1310
796	1328
796	1533
797	1304
797	1368
798	1303
799	1310
799	1312
799	1304
799	1315
799	1307
799	1303
799	1336
799	1306
800	1339
801	1303
801	1322
802	1312
802	1310
802	1303
803	1323
803	1309
804	1324
804	1310
804	1303
804	1348
804	1549
805	1300
805	1312
805	1307
805	1362
805	1323
806	1533
806	1305
806	1348
806	1310
806	1313
806	1307
806	1336
807	1310
807	1324
807	1304
807	1309
807	1339
807	1303
807	1329
807	1308
807	1312
807	1306
807	1327
807	1307
808	1348
808	1307
808	1306
808	1329
808	1300
808	1304
808	1305
808	1339
808	1303
808	1312
809	1330
809	1332
810	1307
810	1300
811	1312
811	1309
811	1336
811	1322
811	1307
812	1348
812	1329
812	1312
812	1324
812	1326
812	1309
812	1305
812	1307
812	1310
812	1304
812	1300
812	1367
812	1323
812	1303
812	1315
812	1301
812	1368
812	1306
812	1327
812	1550
812	1322
813	1307
813	1304
813	1323
813	1300
813	1322
814	1310
814	1304
815	1312
815	1310
816	1304
816	1310
817	1312
817	1307
817	1310
818	1307
818	1303
818	1304
818	1322
818	1310
818	1312
818	1339
819	1312
819	1322
819	1303
820	1303
820	1309
820	1307
820	1332
820	1304
820	1339
820	1329
820	1305
820	1300
821	1339
821	1312
822	1304
822	1303
822	1307
822	1309
822	1312
823	1306
823	1339
823	1308
823	1310
824	1327
824	1366
824	1339
824	1305
824	1310
824	1304
824	1402
824	1309
824	1360
824	1303
824	1306
824	1415
824	1315
824	1312
824	1322
824	1336
824	1324
824	1323
824	1533
824	1417
824	1368
824	1300
824	1326
824	1347
824	1328
824	1330
824	1476
824	1362
824	1301
824	1307
825	1304
825	1315
825	1362
825	1305
825	1366
825	1307
825	1301
825	1310
825	1322
825	1312
825	1327
826	1303
826	1300
827	1310
827	1308
827	1312
828	1339
828	1308
828	1313
828	1307
829	1310
829	1313
830	1304
830	1360
830	1330
830	1309
830	1418
830	1307
830	1348
830	1332
830	1300
830	1538
830	1308
830	1303
830	1312
830	1310
830	1366
830	1322
830	1339
830	1436
830	1493
830	1306
830	1533
830	1347
830	1351
830	1336
830	1353
830	1305
830	1323
830	1326
830	1535
830	1301
830	1440
830	1328
830	1329
830	1367
830	1368
830	1362
830	1327
830	1313
830	1315
830	1324
831	1307
831	1304
832	1307
832	1300
832	1312
832	1303
832	1315
833	1339
833	1332
833	1309
834	1312
834	1336
835	1322
835	1310
836	1339
836	1312
836	1307
836	1304
837	1329
837	1351
837	1303
837	1309
837	1310
838	1398
838	1310
839	1332
839	1300
839	1366
839	1331
839	1310
839	1307
840	1310
840	1324
841	1336
841	1307
842	1303
842	1322
842	1347
842	1398
842	1304
842	1300
842	1312
842	1348
842	1533
842	1310
842	1323
842	1329
842	1305
842	1309
842	1315
842	1306
842	1307
842	1330
842	1324
842	1351
842	1302
842	1385
842	1301
842	1491
842	1336
842	1339
842	1359
843	1300
843	1304
844	1315
844	1300
845	1300
845	1312
846	1310
846	1307
847	1304
847	1300
848	1303
848	1304
849	1307
849	1303
849	1324
850	1327
850	1315
851	1312
851	1304
851	1322
851	1307
851	1339
851	1303
851	1306
851	1398
851	1313
851	1300
851	1347
851	1360
851	1327
851	1310
851	1305
852	1304
852	1312
852	1360
852	1303
852	1336
852	1366
852	1307
852	1308
852	1315
852	1306
852	1310
853	1339
853	1312
853	1533
853	1303
853	1402
853	1310
853	1327
853	1347
853	1324
853	1300
853	1322
853	1305
853	1475
853	1483
853	1330
853	1360
853	1332
853	1307
853	1304
853	1366
853	1309
853	1323
853	1336
853	1306
854	1327
854	1307
854	1329
854	1324
855	1310
855	1307
856	1327
856	1300
857	1304
857	1307
857	1310
858	1362
858	1308
859	1329
860	1307
860	1329
